0.14616351776123046 95.6
0.1284151481628418 96.49
0.1851918197631836 95.03
0.30537364654541016 94.39
0.2541801055908203 94.59
0.30398766174316405 93.76
0.26077266540527344 93.98
0.27080955352783204 93.2
0.2662918350219727 93.23
0.270617546081543 92.95
0.2899783584594727 92.32
0.30587606201171874 91.9
0.3174936248779297 91.47
0.3260342529296875 91.06
0.3331958480834961 90.75
0.3399404510498047 90.49
0.34566963806152345 90.23
0.3493742462158203 90.06
0.35197259826660154 89.96
0.35350384521484374 89.86
0.3547242279052734 89.83
0.35545892333984375 89.78
0.3561214569091797 89.73
0.3565069854736328 89.71
0.3568009521484375 89.71
0.35702708435058594 89.71
0.35721358032226563 89.69
0.3574102600097656 89.68
0.3575494750976563 89.68
0.3576354278564453 89.68
