66125.0568 13.72
93519.3096 14.97
96856.6496 15.36
97659.8728 15.48
98490.8072 15.6
99291.6272 15.59
99939.6976 15.61
100429.2648 15.6
100791.816 15.6
101046.4528 15.61
101232.5816 15.6
101361.3552 15.6
101452.4112 15.6
101515.0552 15.6
101559.0576 15.59
101589.0376 15.58
101605.3016 15.58
101595.092 15.58
101584.3928 15.57
101574.9736 15.55
101566.7848 15.57
101565.0488 15.57
101565.1336 15.57
101565.1296 15.57
101565.128 15.57
101565.1272 15.57
101565.132 15.57
101565.128 15.57
101565.1272 15.57
101565.1296 15.57
