2710056.9088 67.64
4021867.5968 67.62
5165546.1376 67.6
6092990.464 67.59
6811256.5248 67.59
7346026.5472 67.59
7737410.2016 67.59
8023854.7968 67.59
8226968.576 67.59
8371908.9664 67.59
8475659.8272 67.59
8548471.808 67.59
8600342.3744 67.59
8636977.5616 67.59
8663474.2784 67.59
8682526.3616 67.59
8696366.6432 67.58
8706473.1648 67.58
8713978.9824 67.58
8719526.5024 67.58
8723858.4832 67.58
8727325.0304 67.58
8729883.4944 67.58
8731351.8592 67.58
8731920.7936 67.58
8731929.856 67.58
8731930.112 67.58
8731929.7024 67.58
8731929.856 67.58
8731930.112 67.58
