9.355175467128006e+31 31.91
1.0042226543924813e+32 31.91
1.005812813131744e+32 31.91
1.0058510011060758e+32 31.91
1.0058509812990354e+32 31.91
1.0058510110095963e+32 31.91
1.0058510407201572e+32 31.91
1.0058509614919947e+32 31.91
1.0058509812990354e+32 31.91
1.0058510011060758e+32 31.91
1.0058509912025556e+32 31.91
1.0058510011060758e+32 31.91
1.0058509614919947e+32 31.91
1.0058509812990354e+32 31.91
1.0058510110095963e+32 31.91
1.0058510110095963e+32 31.91
1.0058510110095963e+32 31.91
1.0058509515884744e+32 31.91
1.0058510110095963e+32 31.91
1.0058510110095963e+32 31.91
1.0058509912025556e+32 31.91
1.0058509912025556e+32 31.91
1.0058510209131165e+32 31.91
1.0058509317814338e+32 31.91
1.0058510110095963e+32 31.91
1.0058510110095963e+32 31.91
1.005850971395515e+32 31.91
1.0058509317814338e+32 31.91
1.005850971395515e+32 31.91
1.0058510110095963e+32 31.91
