2.3094644287109376 10.0
2.310206396484375 10.0
2.3109323974609377 10.0
2.311549169921875 10.0
2.3120592041015624 10.0
2.31245576171875 10.0
2.3127447509765626 10.0
2.31295283203125 10.0
2.313102783203125 10.0
2.313209814453125 10.0
2.3132852783203126 10.0
2.3133378173828123 10.0
2.313374462890625 10.0
2.31340029296875 10.0
2.313418798828125 10.0
2.3134310302734375 10.0
2.3134396240234376 10.0
2.313445263671875 10.0
2.313448388671875 10.0
2.31344697265625 10.0
2.3134442626953127 10.0
2.31344248046875 10.0
2.3134414306640627 10.0
2.3134409423828126 10.0
2.3134405517578127 10.0
2.3134401611328124 10.0
2.3134402587890626 10.0
2.31344013671875 10.0
2.313440234375 10.0
2.3134402099609375 10.0
