0.4892690124511719 82.22
0.4483431091308594 83.55
0.4079127716064453 84.99
0.38607585144042966 86.0
0.43824898376464844 84.74
0.41313997802734376 84.98
0.4326563446044922 84.52
0.43461703186035155 84.47
0.4415856781005859 84.23
0.4401068695068359 84.21
0.44126283264160154 84.24
0.4426719543457031 84.22
0.44322908325195315 84.19
0.4439019348144531 84.15
0.44459366149902346 84.1
0.4450621612548828 84.09
0.4453384979248047 84.08
0.44551770935058593 84.06
0.4456827178955078 84.08
0.4458094665527344 84.08
0.44589485778808596 84.08
0.4459662200927734 84.06
0.44600859375 84.07
0.44615457763671873 84.07
0.446272216796875 84.06
0.44634588928222657 84.06
0.44639945068359377 84.07
0.4464319763183594 84.08
0.44645295715332034 84.08
0.44646588134765625 84.08
