2.41540673828125 8.85
2.415406884765625 8.85
2.4154068603515624 8.85
2.4154069091796875 8.85
2.4154067626953126 8.85
2.415406689453125 8.85
2.415406787109375 8.85
2.4154068115234373 8.85
2.4154068359375 8.85
2.415406640625 8.85
2.41540673828125 8.85
2.415406787109375 8.85
2.415406689453125 8.85
2.415406787109375 8.85
2.415406787109375 8.85
2.4154068359375 8.85
2.4154068359375 8.85
2.4154068115234373 8.85
2.415406689453125 8.85
2.4154067626953126 8.85
2.4154069091796875 8.85
2.415406787109375 8.85
2.4154068359375 8.85
2.4154068603515624 8.85
2.4154068115234373 8.85
2.4154068359375 8.85
2.4154068359375 8.85
2.4154068359375 8.85
2.4154068603515624 8.85
2.4154067626953126 8.85
