2.30684755859375 7.53
2.3068476318359377 7.53
2.3068474609375 7.53
2.3068475830078126 7.53
2.3068474853515624 7.53
2.30684755859375 7.53
2.30684755859375 7.53
2.3068475341796875 7.53
2.306847509765625 7.53
2.30684755859375 7.53
2.3068474853515624 7.53
2.306847607421875 7.53
2.306847412109375 7.53
2.30684755859375 7.53
2.3068474853515624 7.53
2.3068475830078126 7.53
2.3068474853515624 7.53
2.30684755859375 7.53
2.30684755859375 7.53
2.3068474853515624 7.53
2.3068476318359377 7.53
2.3068475830078126 7.53
2.3068474853515624 7.53
2.3068474609375 7.53
2.3068474853515624 7.53
2.306847509765625 7.53
2.306847509765625 7.53
2.3068475341796875 7.53
2.3068473876953126 7.53
2.306847509765625 7.53
