0.5009367706298828 85.02
0.500936782836914 85.02
0.5009367889404297 85.02
0.5009367767333984 85.02
0.5009367553710937 85.02
0.5009367858886719 85.02
0.5009367736816406 85.02
0.5009367614746094 85.02
0.5009367797851563 85.02
0.5009367706298828 85.02
0.5009367950439453 85.02
0.5009367919921875 85.02
0.500936767578125 85.02
0.5009367645263672 85.02
0.5009367736816406 85.02
0.5009367584228516 85.02
0.5009367614746094 85.02
0.5009367492675781 85.02
0.5009367889404297 85.02
0.5009367492675781 85.02
0.5009367614746094 85.02
0.5009367706298828 85.02
0.500936767578125 85.02
0.5009367919921875 85.02
0.5009367858886719 85.02
0.5009367645263672 85.02
0.500936782836914 85.02
0.500936782836914 85.02
0.5009367858886719 85.02
0.5009367706298828 85.02
