0.8347941772460937 77.79
1.2175995971679687 77.59
5.367376611328125 77.43
12.5129453125 77.47
19.39308876953125 77.46
25.5609091796875 77.43
30.6115537109375 77.41
34.45030625 77.4
37.364716796875 77.41
39.44231484375 77.4
40.934747265625 77.4
41.97570078125 77.4
42.710877734375 77.4
43.226019921875 77.4
43.593916015625 77.4
43.8502763671875 77.4
44.039450390625 77.4
44.171388671875 77.4
44.2605328125 77.4
44.32294609375 77.4
44.366009765625 77.4
44.394253515625 77.4
44.412044140625 77.4
44.42188203125 77.4
44.425721875 77.4
44.42688515625 77.4
44.4268765625 77.4
44.4268609375 77.4
44.426854296875 77.4
44.4268625 77.4
