2.312292919921875 10.0
2.3099373291015626 10.0
2.3112045654296876 10.0
2.3117832275390624 10.0
2.311478515625 10.0
2.3108767822265626 10.0
2.3110984130859373 10.0
2.310829052734375 10.0
2.3107122314453123 10.0
2.3107142822265625 10.0
2.310782763671875 10.0
2.3107822509765623 10.0
2.31084462890625 10.0
2.31088916015625 10.0
2.3109271484375 10.0
2.3109331787109375 10.0
2.3109394287109377 10.0
2.31093447265625 10.0
2.3109373291015625 10.0
2.3109431884765623 10.0
2.3109417724609376 10.0
2.3109403076171877 10.0
2.3109403076171877 10.0
2.3109402099609375 10.0
2.310940283203125 10.0
2.3109435791015627 10.0
2.3109436279296873 10.0
2.31094111328125 10.0
2.3109397705078125 10.0
2.3109396484375 10.0
