9.03114698607748e+29 13.56
9.347234239613344e+29 13.56
9.358930374475765e+29 13.56
9.359492012397338e+29 13.56
9.359491857654834e+29 13.56
9.3594923992536e+29 13.56
9.359492167139843e+29 13.56
9.359491470798572e+29 13.56
9.359491780283581e+29 13.56
9.359492012397338e+29 13.56
9.359492244511095e+29 13.56
9.359491702912329e+29 13.56
9.359492012397338e+29 13.56
9.359492244511095e+29 13.56
9.359491702912329e+29 13.56
9.359491935026086e+29 13.56
9.3594923992536e+29 13.56
9.359492476624854e+29 13.56
9.359491625541076e+29 13.56
9.359491857654834e+29 13.56
9.359492012397338e+29 13.56
9.359492167139843e+29 13.56
9.359491857654834e+29 13.56
9.359492244511095e+29 13.56
9.359492167139843e+29 13.56
9.359491857654834e+29 13.56
9.359492476624854e+29 13.56
9.359492167139843e+29 13.56
9.359492167139843e+29 13.56
9.359492012397338e+29 13.56
