2.3063922607421876 9.78
2.306392431640625 9.78
2.3063922607421876 9.78
2.306392333984375 9.78
2.3063922607421876 9.78
2.3063923828125 9.78
2.3063923095703127 9.78
2.3063923828125 9.78
2.306392236328125 9.78
2.3063924072265625 9.78
2.30639248046875 9.78
2.30639228515625 9.78
2.3063922607421876 9.78
2.306392236328125 9.78
2.3063923583984374 9.78
2.3063923828125 9.78
2.306392333984375 9.78
2.30639228515625 9.78
2.3063922607421876 9.78
2.3063923583984374 9.78
2.3063923828125 9.78
2.3063922607421876 9.78
2.3063923095703127 9.78
2.3063923583984374 9.78
2.3063923095703127 9.78
2.3063923095703127 9.78
2.3063922119140625 9.78
2.3063923583984374 9.78
2.3063924560546876 9.78
2.306392236328125 9.78
