2.4893203369140626 8.23
2.498500390625 8.64
2.417179736328125 9.6
2.391189013671875 10.16
2.3612328369140627 9.92
2.3271324951171874 10.6
2.2947743896484374 10.66
2.32923369140625 10.81
2.30182666015625 11.27
2.2942090576171874 11.09
2.28945322265625 10.98
2.272045654296875 11.01
2.3017114990234373 11.13
2.27276025390625 11.01
2.2997373291015624 10.88
2.35487490234375 10.9
2.2820408203125 10.75
2.262270556640625 10.83
2.279285595703125 10.85
2.3406892333984377 10.9
2.3179088623046873 10.74
2.30100048828125 10.91
2.293777734375 10.59
2.280717431640625 10.92
2.271593115234375 10.82
2.335263720703125 11.17
2.3513427734375 10.96
2.295464404296875 11.14
2.291125830078125 10.91
2.332936669921875 11.2
