0.8227157348632812 70.39
197.7175421875 67.06
1022.60353125 65.46
2558.3425 64.64
4658.1184 64.02
6932.15785 63.68
9084.38545 63.31
10861.4561 63.1
12330.0212 62.94
13404.0049 62.89
14233.7301 62.74
14837.4046 62.71
15275.0509 62.69
15590.8068 62.65
15809.5512 62.62
15959.2811 62.63
16060.9143 62.62
16134.1056 62.62
16184.2531 62.62
16218.1417 62.62
16241.24 62.62
16255.8872 62.62
16264.3193 62.62
16268.3567 62.62
16269.8147 62.62
16270.0489 62.62
16270.0537 62.62
16270.0537 62.62
16270.0515 62.62
16270.0458 62.62
