1.1519299438476562 55.88
2.199006005859375 23.08
2.3090147705078126 21.29
2.22131982421875 23.33
2.34573994140625 23.47
2.3553063720703125 23.96
2.4099053955078125 23.83
2.482397216796875 23.08
2.5008479736328124 22.98
2.4976850830078123 23.27
2.4994192626953127 23.35
2.514823876953125 23.23
2.518926611328125 23.19
2.522731787109375 23.14
2.522957373046875 23.19
2.5237625244140625 23.17
2.5220743896484374 23.25
2.5215322021484377 23.24
2.5214989013671874 23.25
2.5214838134765625 23.27
2.5215997802734376 23.27
2.5215744140625 23.27
2.5216593017578126 23.27
2.5217924560546874 23.26
2.522011865234375 23.24
2.522628759765625 23.25
2.5230532958984373 23.23
2.5233723388671874 23.21
2.5235795654296873 23.2
2.523643017578125 23.2
