0.2094506866455078 93.73
0.18535888366699219 94.97
0.1852355712890625 95.01
0.1852355697631836 95.01
0.18523556518554687 95.01
0.18523556060791016 95.01
0.18523556213378906 95.01
0.18523555603027345 95.01
0.1852355697631836 95.01
0.18523556213378906 95.01
0.1852355712890625 95.01
0.18523556060791016 95.01
0.1852355728149414 95.01
0.1852355697631836 95.01
0.18523556365966798 95.01
0.1852355712890625 95.01
0.18523556518554687 95.01
0.18523556213378906 95.01
0.1852355697631836 95.01
0.18523555908203124 95.01
0.18523556213378906 95.01
0.18523556060791016 95.01
0.18523556365966798 95.01
0.18523556365966798 95.01
0.1852355743408203 95.01
0.1852355682373047 95.01
0.18523556518554687 95.01
0.18523556518554687 95.01
0.18523556213378906 95.01
0.18523556671142577 95.01
