1.0191515075683595 59.1
0.9917018371582031 59.52
0.9894065368652344 59.49
0.986017041015625 59.65
0.9885595947265625 59.48
0.986119873046875 59.55
0.9858105041503906 59.58
0.98606318359375 59.52
0.9865619384765625 59.44
0.9867329650878907 59.43
0.9865435302734376 59.46
0.9861424682617187 59.49
0.9862007202148437 59.5
0.9863246459960937 59.53
0.9864080078125 59.52
0.9864817199707031 59.49
0.9865244934082031 59.48
0.9865202819824219 59.48
0.9865355163574219 59.47
0.9865363403320313 59.47
0.9865404479980469 59.47
0.9865461975097656 59.47
0.9865371032714844 59.47
0.9865360412597656 59.47
0.9865321594238281 59.47
0.9865329162597656 59.47
0.9865381896972656 59.47
0.9865395812988281 59.47
0.98654013671875 59.47
0.9865402160644531 59.47
