16493.589 65.44
29631.4702 65.38
41798.5106 65.36
51912.562 65.35
59897.6576 65.29
66052.5892 65.32
70600.6408 65.3
73876.6444 65.31
76205.972 65.31
77872.6748 65.32
79062.5272 65.33
79888.6632 65.33
80484.7368 65.33
80908.9488 65.33
81205.7 65.33
81414.0816 65.33
81564.3376 65.33
81672.6496 65.33
81751.7512 65.33
81809.9848 65.32
81851.248 65.32
81884.8272 65.32
81910.4672 65.32
81923.6288 65.32
81930.7328 65.32
81933.6088 65.32
81934.1016 65.32
81934.1008 65.32
81934.1024 65.32
81934.1048 65.32
