2.2032115409174545e+29 7.57
2.205612080738947e+29 7.57
2.2056120420533205e+29 7.57
2.2056120033676946e+29 7.57
2.205612080738947e+29 7.57
2.2056120033676946e+29 7.57
2.205612119424573e+29 7.57
2.2056120227105075e+29 7.57
2.2056120227105075e+29 7.57
2.2056120227105075e+29 7.57
2.205612061396134e+29 7.57
2.2056121967958254e+29 7.57
2.2056120033676946e+29 7.57
2.20561210008176e+29 7.57
2.205612119424573e+29 7.57
2.2056122161386387e+29 7.57
2.205612119424573e+29 7.57
2.2056120420533205e+29 7.57
2.2056119840248812e+29 7.57
2.205612138767386e+29 7.57
2.2056120227105075e+29 7.57
2.2056119840248812e+29 7.57
2.2056119840248812e+29 7.57
2.2056120227105075e+29 7.57
2.205612138767386e+29 7.57
2.2056121581101994e+29 7.57
2.2056120420533205e+29 7.57
2.2056121774530124e+29 7.57
2.205612119424573e+29 7.57
2.205612080738947e+29 7.57
