0.5223243896484375 80.07
0.445237109375 83.16
0.40654761657714844 85.6
0.41055878295898435 85.21
0.40801851196289063 85.12
0.40845303955078127 85.09
0.40981010437011717 85.22
0.41172705078125 85.17
0.4137004913330078 85.08
0.4156052764892578 85.03
0.4171395324707031 85.0
0.4184044189453125 85.01
0.4193899810791016 84.96
0.4201602874755859 84.94
0.420739794921875 84.93
0.421128173828125 84.92
0.42143468017578123 84.91
0.42164582214355467 84.93
0.42178407592773437 84.94
0.4218903503417969 84.94
0.4219624938964844 84.93
0.42201283264160155 84.93
0.4220508728027344 84.93
0.4220768310546875 84.93
0.4220966491699219 84.93
0.4221096527099609 84.93
0.42211919250488283 84.93
0.42212562255859376 84.93
0.4221299346923828 84.93
0.42213312377929685 84.93
