2.307460791015625 11.24
2.307460693359375 11.24
2.3074607177734374 11.24
2.3074609130859374 11.24
2.3074607421875 11.24
2.3074607666015625 11.24
2.3074608154296876 11.24
2.3074606689453123 11.24
2.30746083984375 11.24
2.3074608154296876 11.24
2.307460888671875 11.24
2.307460791015625 11.24
2.3074607421875 11.24
2.307460791015625 11.24
2.3074607421875 11.24
2.30746083984375 11.24
2.307460791015625 11.24
2.3074607666015625 11.24
2.30746064453125 11.24
2.3074608154296876 11.24
2.3074608642578127 11.24
2.3074608154296876 11.24
2.30746083984375 11.24
2.3074607421875 11.24
2.307460791015625 11.24
2.3074608642578127 11.24
2.3074607421875 11.24
2.30746083984375 11.24
2.307460791015625 11.24
2.30746083984375 11.24
