145.0826953125 9.04
145.082696875 9.04
145.0827015625 9.04
145.0826984375 9.04
145.0827015625 9.04
145.0827078125 9.04
145.0827 9.04
145.0827046875 9.04
145.0827 9.04
145.0826984375 9.04
145.0827 9.04
145.082703125 9.04
145.0827 9.04
145.082703125 9.04
145.08269375 9.04
145.0826984375 9.04
145.0826984375 9.04
145.0826984375 9.04
145.082690625 9.04
145.0826984375 9.04
145.0827 9.04
145.0827 9.04
145.0826984375 9.04
145.0826953125 9.04
145.082703125 9.04
145.0826984375 9.04
145.0826890625 9.04
145.082703125 9.04
145.082703125 9.04
145.0827015625 9.04
