9.1499322265625 9.48
9.149932421875 9.48
9.14993212890625 9.48
9.1499318359375 9.48
9.14993232421875 9.48
9.1499322265625 9.48
9.14993203125 9.48
9.1499326171875 9.48
9.14993251953125 9.48
9.14993232421875 9.48
9.149932421875 9.48
9.1499326171875 9.48
9.1499322265625 9.48
9.14993193359375 9.48
9.1499322265625 9.48
9.14993251953125 9.48
9.14993232421875 9.48
9.14993232421875 9.48
9.14993232421875 9.48
9.14993232421875 9.48
9.149932421875 9.48
9.14993212890625 9.48
9.14993251953125 9.48
9.14993232421875 9.48
9.14993232421875 9.48
9.14993212890625 9.48
9.14993212890625 9.48
9.14993251953125 9.48
9.14993203125 9.48
9.14993291015625 9.48
