2.636662744140625 8.73
2.6366626708984375 8.73
2.6366627197265626 8.73
2.6366626220703124 8.73
2.636662744140625 8.73
2.6366626220703124 8.73
2.636662646484375 8.73
2.6366626220703124 8.73
2.636662646484375 8.73
2.6366626220703124 8.73
2.63666259765625 8.73
2.636662744140625 8.73
2.6366626708984375 8.73
2.6366627197265626 8.73
2.63666259765625 8.73
2.6366626220703124 8.73
2.6366625244140627 8.73
2.63666259765625 8.73
2.63666279296875 8.73
2.6366626708984375 8.73
2.63666279296875 8.73
2.6366627685546873 8.73
2.636662744140625 8.73
2.636662646484375 8.73
2.6366625244140627 8.73
2.63666259765625 8.73
2.6366628173828124 8.73
2.636662646484375 8.73
2.636662744140625 8.73
2.63666259765625 8.73
