2.6689109619140625 89.56
11.092840966796874 89.44
20.8699515625 89.44
29.8693845703125 89.43
37.225962109375 89.44
43.421047265625 89.44
47.862101171875 89.44
51.066562109375 89.44
53.45633984375 89.44
55.18511015625 89.44
56.4170125 89.44
57.291383203125 89.44
57.9085234375 89.44
58.32641484375 89.44
58.63977890625 89.44
58.861196875 89.44
59.019094921875 89.44
59.130669140625 89.44
59.21466640625 89.44
59.27518984375 89.44
59.318691796875 89.44
59.352033984375 89.44
59.377916015625 89.44
59.3975453125 89.44
59.413144921875 89.44
59.425961328125 89.44
59.435432421875 89.44
59.443066796875 89.44
59.448441015625 89.44
59.45170390625 89.44
