341.10084375 7.39
336.799846875 7.16
318.823903125 7.11
316.037365625 7.11
307.17315625 7.37
307.399753125 7.09
305.180253125 6.88
302.589825 7.02
302.717534375 6.83
299.120353125 6.8
293.9663109375 6.84
294.81554375 7.06
302.3765 6.94
300.16105625 6.92
299.1170171875 6.93
298.04413125 6.78
300.23013125 6.83
298.198796875 6.73
297.988840625 6.84
299.583990625 6.81
300.028115625 6.94
296.586934375 6.87
304.8266125 6.77
298.837040625 6.91
298.49599375 7.01
295.402171875 6.7
303.4996 6.63
299.8124875 6.96
298.01903125 7.0
303.206025 6.86
