41228.6312 84.67
60863.9224 84.56
77509.8144 84.57
90949.6432 84.58
101095.3336 84.57
108571.0336 84.57
114032.0608 84.56
117914.616 84.56
120694.496 84.57
122701.7808 84.57
124103.3184 84.57
125095.8816 84.57
125810.1888 84.57
126303.9384 84.57
126656.0776 84.57
126911.6176 84.57
127094.9672 84.57
127227.232 84.57
127323.844 84.57
127396.3688 84.57
127449.2768 84.57
127493.7664 84.57
127528.4592 84.57
127546.52 84.57
127559.4752 84.57
127566.0216 84.57
127567.4944 84.57
127567.4928 84.57
127567.4936 84.57
127567.4888 84.57
