18.81612578125 34.49
35.2845357421875 34.67
48.387137109375 34.62
58.37430703125 34.71
66.441815625 34.77
71.733171484375 34.75
75.850175 34.78
78.6662625 34.82
80.7865375 34.82
82.2713953125 34.84
83.29582578125 34.83
84.0318625 34.83
84.55221171875 34.83
84.9259671875 34.83
85.18575625 34.83
85.3665359375 34.83
85.4969328125 34.83
85.59173984375 34.83
85.65737421875 34.83
85.70940078125 34.83
85.746425 34.83
85.7736828125 34.83
85.7940828125 34.83
85.809740625 34.83
85.82105703125 34.83
85.8294671875 34.83
85.835625 34.83
85.8396796875 34.83
85.841275 34.83
85.84175859375 34.83
