0.6972276794433594 72.35
0.6125369567871094 77.8
0.5765442016601563 79.11
0.5766216491699219 79.11
0.5766216491699219 79.11
0.5766216430664063 79.11
0.5766216369628906 79.11
0.5766216430664063 79.11
0.5766216430664063 79.11
0.5766216491699219 79.11
0.5766216552734375 79.11
0.5766216247558594 79.11
0.5766216247558594 79.11
0.5766216430664063 79.11
0.5766216064453125 79.11
0.576621630859375 79.11
0.5766216430664063 79.11
0.5766215942382813 79.11
0.5766216491699219 79.11
0.5766216491699219 79.11
0.5766216430664063 79.11
0.5766216491699219 79.11
0.5766216552734375 79.11
0.5766216674804687 79.11
0.5766216247558594 79.11
0.576621630859375 79.11
0.5766216552734375 79.11
0.5766216430664063 79.11
0.5766216125488282 79.11
0.5766216369628906 79.11
