0.7012023193359375 72.15
0.6132000061035157 77.17
0.6112763732910156 77.0
0.6112763732910156 77.0
0.6112763916015626 77.0
0.6112763671875 77.0
0.6112763916015626 77.0
0.6112763427734375 77.0
0.6112763854980469 77.0
0.6112763610839844 77.0
0.6112763977050781 77.0
0.6112763793945313 77.0
0.6112763732910156 77.0
0.6112763977050781 77.0
0.6112763854980469 77.0
0.6112763732910156 77.0
0.6112763427734375 77.0
0.6112763549804687 77.0
0.6112763610839844 77.0
0.6112763671875 77.0
0.6112763854980469 77.0
0.6112763610839844 77.0
0.6112763488769531 77.0
0.611276416015625 77.0
0.6112764099121094 77.0
0.6112763427734375 77.0
0.6112763854980469 77.0
0.6112763671875 77.0
0.6112763732910156 77.0
0.6112763549804687 77.0
