0.30516381225585937 91.08
3.0197213134765626 44.28
2.188229541015625 40.57
2.0817047973632814 36.52
2.0088298828125 33.29
2.0176991088867187 33.05
2.01391259765625 32.42
2.0160176513671875 31.97
2.0190864868164065 31.57
2.0212202026367185 31.33
2.0227391845703124 31.16
2.02386513671875 31.03
2.0243680419921875 31.03
2.0247319580078127 31.01
2.0249780395507813 31.02
2.025149499511719 30.99
2.0252882080078125 30.98
2.0253609130859376 30.97
2.0254290405273436 30.95
2.0254700439453126 30.94
2.0255031005859374 30.94
2.025523742675781 30.93
2.0255401611328123 30.92
2.0255495849609373 30.92
2.0255570434570314 30.91
2.025561779785156 30.91
2.0255662841796873 30.91
2.025569482421875 30.91
2.0255717407226563 30.91
2.025573181152344 30.91
