0.17355120315551759 94.48
0.22079299621582033 93.69
0.3263161590576172 93.56
1.117860595703125 87.36
2.187138037109375 83.04
2.374877978515625 82.77
2.476546142578125 82.28
2.6077338623046873 82.2
2.7401201904296877 82.04
2.79365869140625 82.12
2.7965909423828124 82.05
2.8104423828125 82.03
2.808520458984375 82.09
2.8212870849609377 82.01
2.833703369140625 81.99
2.8372837646484377 81.97
2.83792734375 81.98
2.840686376953125 81.95
2.84070615234375 81.96
2.8409434326171876 81.97
2.8418846435546876 81.97
2.8419063232421875 81.98
2.8419568359375 81.98
2.84207451171875 81.97
2.8412492919921877 81.97
2.84070458984375 81.97
2.8403473388671876 81.97
2.8400620849609375 81.97
2.83979921875 81.97
2.8395826416015626 81.97
