6380.085217578125 9.99
11059.092225 9.99
15306.58435 9.99
19589.67251875 9.99
22695.34075 9.99
25326.2707 9.99
27119.0892 9.99
28404.52976875 9.99
29324.46206875 9.99
29977.8748 9.99
30434.04219765625 9.99
30763.0525 9.99
30991.122332421874 9.99
31150.087434375 9.99
31270.35435 9.99
31349.0687 9.99
31407.14715 9.99
31448.6778875 9.99
31478.878525 9.99
31501.45965 9.99
31515.4814 9.99
31526.7506 9.99
31535.5643421875 9.99
31541.85365 9.99
31547.0482 9.99
31550.3426 9.99
31551.709184375 9.99
31551.975 9.99
31552.1196875 9.99
31552.132325 9.99
