2.311829736328125 10.1
2.311829833984375 10.1
2.3118298583984376 10.1
2.3118299560546873 10.1
2.3118299072265627 10.1
2.3118298583984376 10.1
2.3118298583984376 10.1
2.3118298828125 10.1
2.311829931640625 10.1
2.3118298828125 10.1
2.3118297607421874 10.1
2.3118299072265627 10.1
2.3118297607421874 10.1
2.3118298828125 10.1
2.3118298828125 10.1
2.3118298828125 10.1
2.3118298828125 10.1
2.31182978515625 10.1
2.311829931640625 10.1
2.311829833984375 10.1
2.311829833984375 10.1
2.3118297607421874 10.1
2.311829833984375 10.1
2.3118297607421874 10.1
2.3118298828125 10.1
2.311829931640625 10.1
2.3118298095703125 10.1
2.3118297607421874 10.1
2.3118299072265627 10.1
2.3118298828125 10.1
