5.39984873046875 9.25
5.3998486328125 9.25
5.399848583984375 9.25
5.39984853515625 9.25
5.399848583984375 9.25
5.399848291015625 9.25
5.399848486328125 9.25
5.39984873046875 9.25
5.399848876953125 9.25
5.399848486328125 9.25
5.399848974609375 9.25
5.399848486328125 9.25
5.399848828125 9.25
5.399848486328125 9.25
5.399848779296875 9.25
5.399848486328125 9.25
5.399848779296875 9.25
5.39984853515625 9.25
5.3998486328125 9.25
5.399848779296875 9.25
5.399848779296875 9.25
5.399848583984375 9.25
5.399848583984375 9.25
5.399848876953125 9.25
5.39984853515625 9.25
5.3998486328125 9.25
5.3998486328125 9.25
5.399848388671875 9.25
5.399848828125 9.25
5.399848876953125 9.25
