2.3082213623046877 10.0
2.3082212890625 10.0
2.3082212646484375 10.0
2.308221337890625 10.0
2.308221337890625 10.0
2.3082212158203124 10.0
2.3082213623046877 10.0
2.30822138671875 10.0
2.308221240234375 10.0
2.3082212646484375 10.0
2.3082212890625 10.0
2.3082212158203124 10.0
2.3082213134765626 10.0
2.3082213134765626 10.0
2.308221337890625 10.0
2.3082212890625 10.0
2.308221337890625 10.0
2.308221435546875 10.0
2.3082212890625 10.0
2.308221337890625 10.0
2.3082213623046877 10.0
2.308221435546875 10.0
2.308221337890625 10.0
2.3082214111328123 10.0
2.308221240234375 10.0
2.3082216064453127 10.0
2.3082212890625 10.0
2.3082212646484375 10.0
2.3082214111328123 10.0
2.3082213134765626 10.0
