0.24507001342773438 92.45
0.194692919921875 94.46
0.19453907165527343 94.58
0.19453907318115235 94.58
0.1945390625 94.58
0.19453907775878906 94.58
0.19453906555175782 94.58
0.19453906555175782 94.58
0.19453907623291017 94.58
0.19453906860351564 94.58
0.1945390563964844 94.58
0.1945390625 94.58
0.19453906860351564 94.58
0.19453905792236328 94.58
0.19453906555175782 94.58
0.1945390563964844 94.58
0.1945390670776367 94.58
0.1945390640258789 94.58
0.1945390609741211 94.58
0.19453906555175782 94.58
0.19453907012939453 94.58
0.1945390609741211 94.58
0.1945390640258789 94.58
0.19453906860351564 94.58
0.19453907623291017 94.58
0.19453906860351564 94.58
0.19453907012939453 94.58
0.19453907623291017 94.58
0.19453905944824218 94.58
0.19453907470703125 94.58
