0.47753292541503906 83.28
0.4432693145751953 83.83
0.4412072235107422 84.15
0.44339562377929687 84.17
0.44484836730957034 84.17
0.4454104858398438 84.22
0.44586577758789064 84.25
0.44590792541503904 84.25
0.44604060974121096 84.26
0.44615667724609376 84.22
0.44625174560546876 84.22
0.4462783233642578 84.24
0.4463100616455078 84.24
0.44634632263183593 84.23
0.4463876495361328 84.23
0.4464076751708984 84.23
0.44642415466308594 84.23
0.44643377685546876 84.23
0.446448876953125 84.23
0.44645664978027344 84.23
0.4464667083740234 84.23
0.44647763671875 84.23
0.44648674926757814 84.23
0.44649524230957033 84.23
0.4465035308837891 84.23
0.4465099304199219 84.23
0.4465158508300781 84.23
0.4465199951171875 84.23
0.44652353515625 84.23
0.4465271301269531 84.23
