1.11489072265625 56.18
1.272862060546875 53.06
1.3702738403320311 51.14
1.4463257202148438 50.21
1.5264591064453126 50.46
1.5860853759765625 50.88
1.607456103515625 50.57
1.6384791870117188 50.78
1.6548977783203125 50.84
1.6577425537109376 50.74
1.6701201782226562 50.79
1.6769948486328126 50.84
1.6859527954101563 50.91
1.6903607666015625 50.96
1.6899932373046875 50.92
1.69083359375 50.92
1.6920306396484375 50.9
1.692698876953125 50.9
1.6931198364257813 50.92
1.693706640625 50.92
1.6938287109375 50.91
1.6941757690429688 50.89
1.694327783203125 50.89
1.6945841430664061 50.89
1.6949418823242188 50.89
1.6953578857421876 50.9
1.695720166015625 50.91
1.6959661743164063 50.92
1.6961105102539062 50.92
1.6961308959960937 50.91
