2.093566943359375 26.66
2.0935669677734374 26.66
2.0935669677734374 26.66
2.0935669189453123 26.66
2.093566943359375 26.66
2.0935669921875 26.66
2.093566845703125 26.66
2.0935669921875 26.66
2.0935669677734374 26.66
2.093566943359375 26.66
2.0935669921875 26.66
2.0935669921875 26.66
2.0935668701171877 26.66
2.0935669677734374 26.66
2.09356689453125 26.66
2.093566845703125 26.66
2.0935670166015625 26.66
2.0935669677734374 26.66
2.0935669677734374 26.66
2.0935669921875 26.66
2.093566845703125 26.66
2.09356689453125 26.66
2.0935669921875 26.66
2.0935669921875 26.66
2.093566943359375 26.66
2.0935669921875 26.66
2.0935669921875 26.66
2.0935669189453123 26.66
2.0935668212890626 26.66
2.093566943359375 26.66
