2.3048888916015624 12.0
2.3048889892578126 12.0
2.304889013671875 12.0
2.3048888671875 12.0
2.3048890380859377 12.0
2.304888916015625 12.0
2.304889013671875 12.0
2.3048889404296875 12.0
2.304888916015625 12.0
2.3048890380859377 12.0
2.304889013671875 12.0
2.3048889404296875 12.0
2.304889013671875 12.0
2.3048889892578126 12.0
2.304889013671875 12.0
2.3048889892578126 12.0
2.304889013671875 12.0
2.3048889892578126 12.0
2.30488896484375 12.0
2.304889013671875 12.0
2.30488896484375 12.0
2.304889013671875 12.0
2.3048889892578126 12.0
2.304888916015625 12.0
2.3048889404296875 12.0
2.3048889404296875 12.0
2.3048890380859377 12.0
2.304888818359375 12.0
2.3048889892578126 12.0
2.304888916015625 12.0
