1698417.7536 13.06
4697705.984 13.1
6017664.0 13.1
6637033.8816 13.14
6941642.0864 13.12
7092067.1232 13.14
7166837.4016 13.17
7205709.4656 13.18
7226664.3968 13.18
7238668.0832 13.18
7245619.4048 13.17
7249789.5424 13.17
7252353.0752 13.17
7254250.8032 13.17
7255188.7872 13.17
7255832.7808 13.17
7256295.2192 13.17
7256699.9552 13.17
7256939.8272 13.17
7256962.2016 13.17
7256962.1504 13.17
7256962.3552 13.17
7256962.0992 13.17
7256962.1504 13.17
7256962.2528 13.17
7256962.4064 13.17
7256962.304 13.17
7256962.0992 13.17
7256961.8944 13.17
7256962.0992 13.17
