0.7186057006835938 74.42
1.9498239013671874 23.18
2.3220857421875 24.02
2.7107352783203127 24.03
3.021958544921875 23.71
3.228105810546875 23.64
3.384921435546875 23.52
3.47122333984375 23.57
3.5203326904296874 23.67
3.566272998046875 23.65
3.6069443603515623 23.62
3.6318192626953123 23.62
3.65053271484375 23.61
3.67006748046875 23.6
3.6830554443359373 23.58
3.6898184326171877 23.57
3.694140771484375 23.57
3.696969580078125 23.57
3.699002978515625 23.56
3.7007105224609376 23.56
3.702110107421875 23.56
3.7028665283203126 23.55
3.703311083984375 23.55
3.7036208984375 23.55
3.7038452880859376 23.55
3.7038856201171875 23.55
3.7039321044921873 23.55
3.703860888671875 23.55
3.7038047607421873 23.55
3.70379443359375 23.55
