4.232417504882813 29.31
6.203646923828125 28.96
7.5683505859375 28.4
8.51799853515625 28.0
9.18283427734375 27.85
9.66784052734375 27.81
10.02037392578125 27.72
10.26114873046875 27.66
10.42510078125 27.64
10.540311328125 27.62
10.62179697265625 27.6
10.680363671875 27.61
10.72184541015625 27.56
10.7512681640625 27.58
10.7712560546875 27.58
10.78583857421875 27.58
10.796237890625 27.58
10.80357880859375 27.59
10.8089509765625 27.59
10.8126080078125 27.59
10.815308984375 27.59
10.8173412109375 27.58
10.8187974609375 27.58
10.81992998046875 27.58
10.8207833984375 27.58
10.8213498046875 27.58
10.8215537109375 27.58
10.82154599609375 27.58
10.8215455078125 27.58
10.82154501953125 27.58
