2.31313115234375 10.1
2.314623193359375 9.96
2.3169197509765627 7.94
2.319382861328125 6.72
2.3216624755859376 7.3
2.3237219482421874 8.06
2.325470654296875 8.55
2.32690927734375 8.92
2.327999755859375 9.09
2.328826904296875 9.33
2.3294287841796875 9.47
2.3298760009765624 9.5
2.3301897216796874 9.6
2.33041962890625 9.61
2.3305843994140627 9.64
2.330701318359375 9.67
2.3307829833984375 9.7
2.330842724609375 9.74
2.3308794677734377 9.76
2.3309030029296873 9.77
2.3308666015625 9.76
2.3308193359375 9.75
2.3307709716796876 9.74
2.3307396484375 9.75
2.3307156982421877 9.75
2.33070615234375 9.75
2.33070615234375 9.75
2.33070615234375 9.75
2.3307061767578126 9.75
2.3307060791015624 9.75
