0.5537065490722656 79.29
0.5072204772949219 83.57
0.5697116027832031 83.53
0.6155591552734375 83.53
0.6486166076660156 83.55
0.6727505554199219 83.52
0.688704345703125 83.5
0.7009942260742188 83.49
0.7095352478027344 83.49
0.7152019714355469 83.49
0.7191536682128906 83.5
0.7220229553222657 83.5
0.723933203125 83.5
0.7254082153320313 83.5
0.7263850036621093 83.5
0.7272297790527343 83.5
0.727711572265625 83.51
0.7281353149414063 83.51
0.7284621704101563 83.51
0.7287108154296875 83.51
0.7289018371582031 83.51
0.7290624328613281 83.51
0.7291952819824219 83.51
0.7293047058105468 83.51
0.7293952453613282 83.51
0.72946474609375 83.51
0.7295156494140626 83.51
0.7295576293945313 83.51
0.72958271484375 83.51
0.7295939636230468 83.51
