0.5627359985351562 83.34
0.5579848876953125 83.32
0.5579848571777344 83.32
0.5579848754882812 83.32
0.5579848693847657 83.32
0.5579848876953125 83.32
0.5579848510742188 83.32
0.5579848876953125 83.32
0.5579848785400391 83.32
0.5579848388671875 83.32
0.5579848693847657 83.32
0.5579848693847657 83.32
0.5579848693847657 83.32
0.5579848999023438 83.32
0.5579848541259765 83.32
0.5579848693847657 83.32
0.5579848510742188 83.32
0.5579848815917968 83.32
0.5579848663330078 83.32
0.5579848754882812 83.32
0.5579848846435547 83.32
0.5579848785400391 83.32
0.5579848724365234 83.32
0.55798486328125 83.32
0.5579848510742188 83.32
0.5579848510742188 83.32
0.5579848510742188 83.32
0.55798486328125 83.32
0.5579848999023438 83.32
0.5579848815917968 83.32
