10.66096845703125 5.82
10.6609677734375 5.82
10.6609681640625 5.82
10.66096865234375 5.82
10.6609681640625 5.82
10.660968359375 5.82
10.66096826171875 5.82
10.66096884765625 5.82
10.66096806640625 5.82
10.66096826171875 5.82
10.66096875 5.82
10.66096796875 5.82
10.66096875 5.82
10.66096826171875 5.82
10.66096796875 5.82
10.6609685546875 5.82
10.66096806640625 5.82
10.660968359375 5.82
10.660968359375 5.82
10.66096865234375 5.82
10.66096826171875 5.82
10.660968359375 5.82
10.66096806640625 5.82
10.66096796875 5.82
10.66096845703125 5.82
10.66096875 5.82
10.66096826171875 5.82
10.66096826171875 5.82
10.6609681640625 5.82
10.660968359375 5.82
