0.6886744506835938 77.46
1.8737614135742187 76.53
24.6111701171875 75.55
77.7200796875 75.36
144.536975 75.25
210.7240921875 75.21
270.1947984375 75.2
317.011821875 75.15
354.08691875 75.15
381.950934375 75.14
402.2157 75.14
417.38739375 75.14
428.311996875 75.14
435.776640625 75.12
440.90498125 75.13
444.49795 75.13
447.0749375 75.13
448.88318125 75.13
450.143059375 75.12
450.998240625 75.11
451.602528125 75.11
452.003921875 75.11
452.23883125 75.11
452.38356875 75.11
452.429778125 75.11
452.433678125 75.11
452.43455 75.11
452.43446875 75.11
452.4344875 75.11
452.434415625 75.11
