2.9331056640625 40.87
4.25528974609375 40.54
5.20106240234375 40.12
5.889412939453125 39.94
6.330465478515625 39.87
6.66164501953125 39.83
6.892558642578125 39.75
7.047217333984375 39.72
7.16264697265625 39.71
7.24234921875 39.71
7.29752119140625 39.71
7.33621142578125 39.72
7.36422568359375 39.7
7.3833265625 39.7
7.397193994140625 39.7
7.40654150390625 39.68
7.41338359375 39.69
7.418194140625 39.68
7.421681494140625 39.68
7.424160107421875 39.68
7.426135888671875 39.68
7.42755595703125 39.68
7.42861865234375 39.68
7.429447607421875 39.68
7.430092626953125 39.68
7.430582080078125 39.68
7.4309716796875 39.68
7.4312095703125 39.68
7.431250146484375 39.68
7.431249755859375 39.68
