2.3590931396484374 9.19
2.3590931640625 9.19
2.35909306640625 9.19
2.359093115234375 9.19
2.3590931640625 9.19
2.35909326171875 9.19
2.3590931640625 9.19
2.35909306640625 9.19
2.359093310546875 9.19
2.35909326171875 9.19
2.3590932373046876 9.19
2.359093212890625 9.19
2.3590931396484374 9.19
2.3590931884765625 9.19
2.3590931884765625 9.19
2.359093212890625 9.19
2.3590931640625 9.19
2.3590930908203127 9.19
2.35909306640625 9.19
2.359093115234375 9.19
2.359093212890625 9.19
2.3590931396484374 9.19
2.3590931396484374 9.19
2.3590931884765625 9.19
2.3590931884765625 9.19
2.3590931884765625 9.19
2.35909326171875 9.19
2.3590931396484374 9.19
2.3590931396484374 9.19
2.3590930908203127 9.19
