2.3081638427734377 10.0
2.3081638916015623 10.0
2.3081638671875 10.0
2.30816396484375 10.0
2.308163818359375 10.0
2.3081638427734377 10.0
2.3081636962890624 10.0
2.3081637451171875 10.0
2.308163818359375 10.0
2.30816376953125 10.0
2.3081637939453126 10.0
2.3081637451171875 10.0
2.3081637939453126 10.0
2.308163818359375 10.0
2.3081637451171875 10.0
2.3081637451171875 10.0
2.3081638427734377 10.0
2.308163818359375 10.0
2.308163818359375 10.0
2.3081638671875 10.0
2.308163818359375 10.0
2.308163818359375 10.0
2.3081638427734377 10.0
2.3081638671875 10.0
2.3081638671875 10.0
2.308163818359375 10.0
2.3081637939453126 10.0
2.30816376953125 10.0
2.3081638427734377 10.0
2.30816376953125 10.0
