9.046308199289784e+32 13.84
1.310997833274871e+33 13.82
1.4524455831398978e+33 13.81
1.5025430556327548e+33 13.81
1.5191527328436302e+33 13.81
1.5247574756705818e+33 13.81
1.5267302727628195e+33 13.81
1.5274551312216626e+33 13.81
1.5277006909885592e+33 13.81
1.5277951309582761e+33 13.81
1.5277950517301136e+33 13.81
1.527795067575746e+33 13.81
1.5277951468039085e+33 13.81
1.5277951309582761e+33 13.81
1.5277951151126438e+33 13.81
1.5277951309582761e+33 13.81
1.5277951151126438e+33 13.81
1.5277951943408063e+33 13.81
1.5277952101864387e+33 13.81
1.527795226032071e+33 13.81
1.5277951309582761e+33 13.81
1.5277951468039085e+33 13.81
1.5277951151126438e+33 13.81
1.5277951468039085e+33 13.81
1.527795099267011e+33 13.81
1.527795067575746e+33 13.81
1.5277950834213787e+33 13.81
1.5277952101864387e+33 13.81
1.5277951626495412e+33 13.81
1.527795099267011e+33 13.81
