1.0624160522460937 59.25
1.0870653259277343 58.75
1.2124560546875 58.12
1.3631720092773438 57.78
1.5048142333984376 57.61
1.62702099609375 57.53
1.7205060913085937 57.47
1.7870332763671875 57.4
1.8343297241210939 57.34
1.8684578735351562 57.36
1.89335615234375 57.34
1.9110077270507813 57.3
1.9236606689453124 57.3
1.9323137329101563 57.3
1.9389482177734374 57.3
1.94349638671875 57.29
1.946729736328125 57.29
1.9489918823242187 57.28
1.9506939575195312 57.28
1.9519175415039063 57.28
1.9528291137695313 57.28
1.953479541015625 57.28
1.9539842529296876 57.28
1.9543532592773438 57.28
1.9546336791992187 57.28
1.954857275390625 57.28
1.9550265502929687 57.28
1.9551552612304688 57.28
1.9552542114257812 57.28
1.955311865234375 57.28
