2.3119248779296875 9.54
2.3119248779296875 9.54
2.3119248779296875 9.54
2.31192490234375 9.54
2.3119248291015624 9.54
2.3119247314453126 9.54
2.3119248291015624 9.54
2.311924951171875 9.54
2.3119248046875 9.54
2.3119249267578126 9.54
2.3119248779296875 9.54
2.311924951171875 9.54
2.311924853515625 9.54
2.31192490234375 9.54
2.311924853515625 9.54
2.31192490234375 9.54
2.3119248779296875 9.54
2.3119249267578126 9.54
2.3119249267578126 9.54
2.3119248291015624 9.54
2.311924853515625 9.54
2.3119248291015624 9.54
2.31192490234375 9.54
2.3119249755859377 9.54
2.3119248291015624 9.54
2.3119248779296875 9.54
2.31192490234375 9.54
2.311924853515625 9.54
2.3119249267578126 9.54
2.311924853515625 9.54
