86296.934 11.45
83844.019 11.45
82173.75412473145 11.45
81169.4554 11.45
80477.0702 11.45
80068.2192 11.45
79710.0551 11.45
79471.2708 11.45
79320.1739 11.45
79209.92785 11.45
79128.702425 11.45
79078.92064375 11.45
79036.0937 11.45
79015.5768602539 11.45
78979.0145 11.45
78924.73545 11.45
78882.40030996094 11.45
78853.9968 11.45
78843.164 11.45
78826.347825 11.45
78809.3095 11.45
78808.3888 11.45
78808.3978 11.45
78808.4056 11.45
78808.4089 11.45
78808.411475 11.45
78808.3935 11.45
78808.4016 11.45
78808.4104 11.45
78808.3948 11.45
