2.3089932861328126 11.22
2.308993359375 11.22
2.3089931884765624 11.22
2.3089933349609373 11.22
2.308993310546875 11.22
2.3089933837890624 11.22
2.3089933349609373 11.22
2.3089932861328126 11.22
2.308993310546875 11.22
2.3089932861328126 11.22
2.3089934326171875 11.22
2.3089933349609373 11.22
2.3089933349609373 11.22
2.308993359375 11.22
2.308993310546875 11.22
2.308993310546875 11.22
2.308993359375 11.22
2.3089933837890624 11.22
2.3089933837890624 11.22
2.308993408203125 11.22
2.3089933349609373 11.22
2.30899345703125 11.22
2.3089933837890624 11.22
2.308993310546875 11.22
2.30899345703125 11.22
2.308993408203125 11.22
2.3089934814453126 11.22
2.3089933837890624 11.22
2.3089934326171875 11.22
2.30899345703125 11.22
