2.30062177734375 11.35
2.3002287353515625 11.35
2.3002429443359373 11.35
2.300242919921875 11.35
2.3002428466796876 11.35
2.3002429931640624 11.35
2.30024287109375 11.35
2.3002428955078127 11.35
2.300243017578125 11.35
2.300243017578125 11.35
2.3002428466796876 11.35
2.3002428466796876 11.35
2.300242919921875 11.35
2.3002429931640624 11.35
2.3002427734375 11.35
2.3002430419921875 11.35
2.3002429443359373 11.35
2.3002429443359373 11.35
2.3002429443359373 11.35
2.300242919921875 11.35
2.30024287109375 11.35
2.30024287109375 11.35
2.300242919921875 11.35
2.3002428955078127 11.35
2.300242919921875 11.35
2.300242919921875 11.35
2.300242919921875 11.35
2.30024287109375 11.35
2.30024296875 11.35
2.300243017578125 11.35
