0.28260421142578124 92.04
0.23871632385253908 93.08
0.206097216796875 94.18
0.24589384460449218 93.32
0.5307165008544922 84.92
1.89703203125 27.19
2.223789306640625 11.97
2.240633349609375 11.47
2.219548779296875 17.1
2.206740087890625 16.45
2.2033510009765624 15.88
2.2039477294921874 15.16
2.2040287353515624 14.42
2.2042601318359374 13.79
2.2042259521484375 13.52
2.20450888671875 13.25
2.2048217041015623 13.1
2.2049788818359377 14.16
2.2051614501953125 14.05
2.2052771728515626 14.0
2.205404052734375 13.96
2.205473388671875 13.93
2.2055235107421876 13.94
2.2055806640625 13.92
2.205613720703125 13.93
2.205635888671875 13.91
2.205662646484375 13.88
2.205686962890625 13.86
2.2057128662109373 13.86
2.205732421875 13.85
