2.301665478515625 12.16
2.301665478515625 12.16
2.30166552734375 12.16
2.301665625 12.16
2.3016655029296875 12.16
2.3016655029296875 12.16
2.30166552734375 12.16
2.301665478515625 12.16
2.30166552734375 12.16
2.30166552734375 12.16
2.30166552734375 12.16
2.3016654296875 12.16
2.3016654052734373 12.16
2.3016653076171876 12.16
2.3016653076171876 12.16
2.301665478515625 12.16
2.3016654541015624 12.16
2.3016654541015624 12.16
2.301665576171875 12.16
2.3016654541015624 12.16
2.301665478515625 12.16
2.3016655029296875 12.16
2.3016655517578126 12.16
2.3016655517578126 12.16
2.301665380859375 12.16
2.3016655029296875 12.16
2.3016654052734373 12.16
2.301665576171875 12.16
2.3016654541015624 12.16
2.3016654052734373 12.16
