2.35013349609375 8.92
2.3501334716796873 8.92
2.350133544921875 8.92
2.350133642578125 8.92
2.3501335205078124 8.92
2.350133447265625 8.92
2.3501334716796873 8.92
2.35013359375 8.92
2.3501335205078124 8.92
2.350133447265625 8.92
2.35013349609375 8.92
2.350133544921875 8.92
2.35013349609375 8.92
2.3501335205078124 8.92
2.3501334716796873 8.92
2.35013349609375 8.92
2.350133544921875 8.92
2.3501334716796873 8.92
2.3501335205078124 8.92
2.350133544921875 8.92
2.3501335205078124 8.92
2.3501334228515627 8.92
2.3501334716796873 8.92
2.3501334716796873 8.92
2.3501334228515627 8.92
2.3501333984375 8.92
2.3501333251953125 8.92
2.35013349609375 8.92
2.3501334716796873 8.92
2.35013349609375 8.92
