2.3105613525390627 10.0
2.31056142578125 10.0
2.31056142578125 10.0
2.310561328125 10.0
2.3105613037109376 10.0
2.3105613037109376 10.0
2.3105614013671874 10.0
2.31056142578125 10.0
2.3105614013671874 10.0
2.31056123046875 10.0
2.3105614501953124 10.0
2.310561328125 10.0
2.310561376953125 10.0
2.310561279296875 10.0
2.310561376953125 10.0
2.3105613037109376 10.0
2.3105614013671874 10.0
2.310561376953125 10.0
2.31056142578125 10.0
2.31056142578125 10.0
2.310561376953125 10.0
2.310561474609375 10.0
2.3105614013671874 10.0
2.3105613525390627 10.0
2.3105613525390627 10.0
2.3105614990234375 10.0
2.3105614013671874 10.0
2.310561279296875 10.0
2.3105613037109376 10.0
2.310561376953125 10.0
