0.2080857162475586 93.94
0.2327921630859375 92.68
0.2092661117553711 93.78
0.20926610412597657 93.78
0.20926611938476564 93.78
0.20926610717773436 93.78
0.20926610717773436 93.78
0.20926610870361328 93.78
0.20926610412597657 93.78
0.20926610870361328 93.78
0.20926611022949218 93.78
0.20926611022949218 93.78
0.2092661148071289 93.78
0.20926609954833986 93.78
0.20926610565185547 93.78
0.2092661148071289 93.78
0.20926611938476564 93.78
0.20926610107421875 93.78
0.20926610870361328 93.78
0.2092661117553711 93.78
0.20926610870361328 93.78
0.20926609954833986 93.78
0.2092661178588867 93.78
0.20926611022949218 93.78
0.20926610870361328 93.78
0.2092661117553711 93.78
0.20926610717773436 93.78
0.20926611633300782 93.78
0.2092661148071289 93.78
0.20926610260009765 93.78
