0.20875254516601563 94.31
0.20370345611572266 94.44
0.20327935028076172 94.39
0.20228597869873047 94.39
0.20168982543945313 94.43
0.20162610626220703 94.35
0.20063104248046876 94.29
0.2001072280883789 94.22
0.19979808654785156 94.21
0.19990215606689454 94.19
0.19998572540283202 94.21
0.20005023498535157 94.17
0.20010667114257813 94.13
0.20015392303466797 94.11
0.20021221313476562 94.11
0.20025213928222657 94.1
0.20028046417236328 94.1
0.2003008285522461 94.11
0.20030979614257813 94.11
0.2003179214477539 94.11
0.2003221420288086 94.11
0.20032518157958984 94.11
0.20032610778808593 94.11
0.20032540130615234 94.11
0.20032364044189452 94.11
0.2003209503173828 94.11
0.2003190719604492 94.11
0.20031754913330077 94.11
0.2003162780761719 94.11
0.20031534729003905 94.11
