2.2736224853515625 46.58
2.8265660888671875 34.47
2.93924619140625 31.31
2.7490361328125 30.28
2.4924176513671874 29.59
2.137084912109375 29.01
1.9489209838867187 28.5
1.9320328979492187 29.35
1.9091367919921876 30.09
1.897833251953125 30.43
1.887394384765625 30.78
1.8813853271484375 31.01
1.8760246826171876 31.2
1.87257412109375 31.3
1.8698077514648437 31.36
1.8678677734375 31.45
1.8668024169921875 31.5
1.8658273681640625 31.51
1.8652314086914064 31.5
1.8648319702148437 31.53
1.8645818603515625 31.53
1.8643459228515624 31.54
1.8641814575195312 31.54
1.8640522338867187 31.56
1.8639927490234376 31.57
1.8639598266601562 31.57
1.863967431640625 31.57
1.8639750244140625 31.57
1.8639761962890624 31.57
1.8639813720703124 31.57
