2.3079135009765626 10.0
2.30791328125 10.0
2.30791357421875 10.0
2.307913427734375 10.0
2.3079135009765626 10.0
2.3079134521484375 10.0
2.3079134765625 10.0
2.3079134521484375 10.0
2.307913427734375 10.0
2.30791357421875 10.0
2.3079134033203124 10.0
2.3079135009765626 10.0
2.307913427734375 10.0
2.3079135498046877 10.0
2.30791357421875 10.0
2.30791357421875 10.0
2.3079134765625 10.0
2.3079135498046877 10.0
2.307913525390625 10.0
2.307913525390625 10.0
2.3079134765625 10.0
2.3079134765625 10.0
2.307913525390625 10.0
2.3079134521484375 10.0
2.3079134765625 10.0
2.3079135498046877 10.0
2.3079134033203124 10.0
2.3079134765625 10.0
2.3079134765625 10.0
2.3079135009765626 10.0
