1.2366422225622747e+32 13.21
1.5628700445987841e+32 12.94
1.622500358544081e+32 12.88
1.6325856579737327e+32 12.99
1.6344793100930267e+32 12.98
1.6348306572832167e+32 12.98
1.634830389888168e+32 12.98
1.634830320563526e+32 12.98
1.634830320563526e+32 12.98
1.6348303007564854e+32 12.98
1.6348303304670463e+32 12.98
1.6348303997916886e+32 12.98
1.6348303403705664e+32 12.98
1.6348302314318432e+32 12.98
1.634830350274087e+32 12.98
1.6348303106600055e+32 12.98
1.6348303007564854e+32 12.98
1.6348303304670463e+32 12.98
1.6348302809494446e+32 12.98
1.634830290852965e+32 12.98
1.6348302710459245e+32 12.98
1.634830290852965e+32 12.98
1.6348302710459245e+32 12.98
1.634830320563526e+32 12.98
1.6348302710459245e+32 12.98
1.634830290852965e+32 12.98
1.6348302710459245e+32 12.98
1.634830389888168e+32 12.98
1.634830320563526e+32 12.98
1.6348303007564854e+32 12.98
