2.301853955078125 10.85
2.301853955078125 10.85
2.3018540283203124 10.85
2.3018540771484375 10.85
2.3018539794921873 10.85
2.3018539306640626 10.85
2.30185390625 10.85
2.3018540283203124 10.85
2.3018539794921873 10.85
2.3018539306640626 10.85
2.301853955078125 10.85
2.301854052734375 10.85
2.3018539306640626 10.85
2.3018538818359375 10.85
2.301854052734375 10.85
2.3018540771484375 10.85
2.30185390625 10.85
2.3018540771484375 10.85
2.3018541259765626 10.85
2.3018539306640626 10.85
2.301854052734375 10.85
2.3018540771484375 10.85
2.3018541015625 10.85
2.30185390625 10.85
2.301854052734375 10.85
2.3018539794921873 10.85
2.30185400390625 10.85
2.3018539306640626 10.85
2.3018541259765626 10.85
2.301853955078125 10.85
