1.2143221923828125 47.39
1.2103826904296875 46.98
1.2133921142578126 46.92
1.213392138671875 46.92
1.2133921264648437 46.92
1.2133921508789063 46.92
1.2133920776367189 46.92
1.2133921508789063 46.92
1.2133920776367189 46.92
1.213392138671875 46.92
1.2133921142578126 46.92
1.213392138671875 46.92
1.2133921020507812 46.92
1.21339208984375 46.92
1.2133921630859374 46.92
1.2133921142578126 46.92
1.21339208984375 46.92
1.2133920654296875 46.92
1.2133921752929688 46.92
1.213392138671875 46.92
1.21339208984375 46.92
1.2133921142578126 46.92
1.2133921264648437 46.92
1.2133921264648437 46.92
1.2133921142578126 46.92
1.2133921020507812 46.92
1.2133921142578126 46.92
1.21339208984375 46.92
1.2133920776367189 46.92
1.2133920532226563 46.92
