2.30678916015625 9.84
2.306789111328125 9.84
2.306789208984375 9.84
2.30678916015625 9.84
2.306789111328125 9.84
2.30678916015625 9.84
2.30678935546875 9.84
2.3067891845703126 9.84
2.306789111328125 9.84
2.3067891357421875 9.84
2.3067891845703126 9.84
2.3067891845703126 9.84
2.3067891357421875 9.84
2.30678916015625 9.84
2.3067893310546874 9.84
2.3067892578125 9.84
2.3067892578125 9.84
2.3067891357421875 9.84
2.30678916015625 9.84
2.3067892333984377 9.84
2.30678935546875 9.84
2.30678916015625 9.84
2.3067891845703126 9.84
2.3067891845703126 9.84
2.3067891845703126 9.84
2.306789404296875 9.84
2.3067891845703126 9.84
2.3067891845703126 9.84
2.3067891357421875 9.84
2.3067892333984377 9.84
