2.3093319091796873 10.0
2.3093319580078124 10.0
2.30933193359375 10.0
2.3093320556640626 10.0
2.3093319580078124 10.0
2.3093319580078124 10.0
2.30933203125 10.0
2.3093319580078124 10.0
2.3093319091796873 10.0
2.3093319580078124 10.0
2.3093319091796873 10.0
2.30933203125 10.0
2.3093319580078124 10.0
2.309331982421875 10.0
2.309331982421875 10.0
2.309331982421875 10.0
2.3093319580078124 10.0
2.30933193359375 10.0
2.309331884765625 10.0
2.3093320068359375 10.0
2.3093319580078124 10.0
2.3093320068359375 10.0
2.3093319091796873 10.0
2.3093319091796873 10.0
2.3093319091796873 10.0
2.3093319091796873 10.0
2.3093320556640626 10.0
2.309331982421875 10.0
2.3093319580078124 10.0
2.3093320068359375 10.0
