0.32695259704589846 94.29
1.2610167846679687 94.33
2.447483508300781 94.36
3.5906484619140624 94.32
4.503390551757812 94.29
5.219588012695312 94.29
5.765817919921875 94.29
6.1825291015625 94.29
6.470458544921875 94.29
6.681087841796875 94.29
6.831465380859375 94.29
6.936965673828125 94.29
7.01465888671875 94.29
7.070258740234375 94.29
7.10661953125 94.29
7.133096630859375 94.29
7.151237744140625 94.29
7.1639375 94.29
7.1725748046875 94.29
7.178466455078125 94.29
7.182401708984375 94.29
7.185036865234375 94.29
7.1864951171875 94.29
7.187037060546875 94.29
7.18726708984375 94.29
7.18723857421875 94.29
7.18723564453125 94.29
7.1872357421875 94.29
7.187235546875 94.29
7.187234814453125 94.29
