4.350739144145246e+25 12.54
4.350693053848373e+25 12.55
4.350744338748377e+25 12.55
4.350796993134661e+25 12.55
4.350840769471957e+25 12.55
4.3508691508945195e+25 12.55
4.350896446172791e+25 12.55
4.35091023548292e+25 12.55
4.350923269214413e+25 12.55
4.350935641814598e+25 12.55
4.3509355945909335e+25 12.55
4.350935547367269e+25 12.55
4.350935405696274e+25 12.55
4.350935405696274e+25 12.55
4.350935500143604e+25 12.55
4.3509355945909335e+25 12.55
4.350935452919939e+25 12.55
4.350935452919939e+25 12.55
4.350935547367269e+25 12.55
4.3509355945909335e+25 12.55
4.350935452919939e+25 12.55
4.350935264025279e+25 12.55
4.350935500143604e+25 12.55
4.3509355945909335e+25 12.55
4.350935452919939e+25 12.55
4.3509355945909335e+25 12.55
4.350935405696274e+25 12.55
4.350935736261928e+25 12.55
4.350935452919939e+25 12.55
4.350935405696274e+25 12.55
