45.660037890625 9.76
45.66003828125 9.76
45.660035546875 9.76
45.660037109375 9.76
45.660034765625 9.76
45.66003671875 9.76
45.66003828125 9.76
45.6600375 9.76
45.660037890625 9.76
45.660037109375 9.76
45.660034765625 9.76
45.6600390625 9.76
45.6600375 9.76
45.66003671875 9.76
45.66003984375 9.76
45.660039453125 9.76
45.660037890625 9.76
45.6600375 9.76
45.660037109375 9.76
45.660035546875 9.76
45.660037890625 9.76
45.66003671875 9.76
45.660037109375 9.76
45.660037890625 9.76
45.660037109375 9.76
45.6600390625 9.76
45.66003828125 9.76
45.6600390625 9.76
45.660036328125 9.76
45.66003671875 9.76
