2.3205588623046873 10.13
2.3205588134765627 10.13
2.3205589111328124 10.13
2.32055888671875 10.13
2.3205587890625 10.13
2.3205589111328124 10.13
2.3205588623046873 10.13
2.3205588623046873 10.13
2.3205587158203125 10.13
2.32055869140625 10.13
2.3205589599609375 10.13
2.3205587890625 10.13
2.3205588134765627 10.13
2.3205589111328124 10.13
2.3205588623046873 10.13
2.3205588134765627 10.13
2.3205588134765627 10.13
2.3205589111328124 10.13
2.320558837890625 10.13
2.3205587890625 10.13
2.3205587890625 10.13
2.3205589111328124 10.13
2.3205588134765627 10.13
2.32055888671875 10.13
2.320558837890625 10.13
2.3205587646484376 10.13
2.32055869140625 10.13
2.3205588623046873 10.13
2.3205589111328124 10.13
2.3205588623046873 10.13
