7.56456048241796e+17 9.21
7.58585473290919e+17 9.2
7.585854486618586e+17 9.2
7.585854521802958e+17 9.2
7.585854275512353e+17 9.2
7.585854486618586e+17 9.2
7.585854838462307e+17 9.2
7.585854486618586e+17 9.2
7.585854803277934e+17 9.2
7.585854556987329e+17 9.2
7.585854556987329e+17 9.2
7.585854838462307e+17 9.2
7.585854556987329e+17 9.2
7.585854627356074e+17 9.2
7.585854521802958e+17 9.2
7.585854768093562e+17 9.2
7.585854662540445e+17 9.2
7.58585441624984e+17 9.2
7.585854873646679e+17 9.2
7.585854838462307e+17 9.2
7.585854521802958e+17 9.2
7.585854556987329e+17 9.2
7.585854592171702e+17 9.2
7.585854627356074e+17 9.2
7.585855155121655e+17 9.2
7.58585441624984e+17 9.2
7.585854556987329e+17 9.2
7.585854521802958e+17 9.2
7.585854627356074e+17 9.2
7.585854486618586e+17 9.2
