3.264965576171875 28.91
3.6173232421875 19.69
3.7941394287109373 19.02
3.8757410400390624 18.12
3.9566917724609376 17.79
3.9938751953125 17.46
4.008812329101563 17.02
4.03173671875 16.92
4.045862060546875 16.81
4.060458764648438 16.81
4.070820581054687 16.77
4.078182397460938 16.76
4.081730029296875 16.76
4.0842297119140625 16.76
4.085790112304688 16.75
4.086891577148437 16.75
4.088357080078125 16.75
4.088829541015625 16.73
4.089324047851562 16.73
4.089545776367188 16.73
4.0898407958984375 16.74
4.089826831054688 16.73
4.089744555664063 16.73
4.089697192382813 16.73
4.089638916015625 16.73
4.08966728515625 16.73
4.089630151367188 16.73
4.0895892578125 16.73
4.0895435546875 16.73
4.08949921875 16.73
