2.314044384765625 9.75
2.3140443115234377 9.75
2.3140445556640623 9.75
2.31404443359375 9.75
2.314044384765625 9.75
2.3140444091796875 9.75
2.314044287109375 9.75
2.3140444091796875 9.75
2.3140443603515624 9.75
2.314044384765625 9.75
2.31404443359375 9.75
2.3140444091796875 9.75
2.3140443359375 9.75
2.3140442626953126 9.75
2.314044287109375 9.75
2.3140444580078126 9.75
2.3140444580078126 9.75
2.3140443603515624 9.75
2.3140443115234377 9.75
2.314044384765625 9.75
2.3140444091796875 9.75
2.3140443603515624 9.75
2.3140444091796875 9.75
2.31404443359375 9.75
2.3140443603515624 9.75
2.3140444580078126 9.75
2.31404443359375 9.75
2.31404443359375 9.75
2.3140443359375 9.75
2.3140444091796875 9.75
