110.385471875 40.16
355.3254375 37.19
583.1610375 39.67
809.99086875 39.81
980.1880875 40.06
1111.5260875 40.42
1247.275 39.23
1321.2399875 39.52
1359.4345125 40.29
1402.8878375 40.17
1433.577675 40.1
1453.2493 40.16
1468.7404625 40.16
1479.8122375 40.15
1485.4124875 40.19
1489.898825 40.19
1492.9234625 40.23
1495.32535 40.24
1496.8030875 40.25
1498.270425 40.24
1499.2255375 40.24
1499.92775 40.21
1500.4058625 40.2
1500.4099625 40.2
1500.6541625 40.18
1500.8299375 40.14
1501.1412875 40.13
1501.3529625 40.13
1501.3893625 40.13
1501.3894625 40.13
