0.20645061492919922 93.83
0.18676222381591798 94.82
0.18843849334716797 94.87
0.18843848876953126 94.87
0.18843848724365234 94.87
0.18843849029541015 94.87
0.18843849487304687 94.87
0.18843849334716797 94.87
0.18843849487304687 94.87
0.1884384963989258 94.87
0.18843849487304687 94.87
0.1884385009765625 94.87
0.18843849945068358 94.87
0.18843848724365234 94.87
0.18843848114013673 94.87
0.18843849334716797 94.87
0.18843849945068358 94.87
0.18843849334716797 94.87
0.18843849945068358 94.87
0.1884384963989258 94.87
0.18843849334716797 94.87
0.1884384979248047 94.87
0.1884384963989258 94.87
0.18843849182128905 94.87
0.18843849182128905 94.87
0.18843849182128905 94.87
0.18843849334716797 94.87
0.18843848266601562 94.87
0.18843848724365234 94.87
0.18843849945068358 94.87
