0.5106106903076172 81.4
0.705016064453125 78.22
1.330780126953125 75.75
0.6088072265625 80.53
0.6544607238769531 78.46
0.7898458312988281 74.54
0.86223212890625 72.9
0.9538961975097656 70.25
1.0317698059082032 68.26
1.1123742431640624 66.57
1.1555383178710938 64.81
1.191382861328125 62.83
1.194918115234375 62.78
1.19701318359375 62.8
1.200874560546875 62.36
1.201013623046875 62.34
1.2016649658203125 62.28
1.2026751586914062 62.19
1.2028367797851562 62.22
1.2029962768554687 62.22
1.20295341796875 62.19
1.2029927124023438 62.16
1.20284931640625 62.16
1.202841357421875 62.14
1.202834814453125 62.15
1.2028169921875 62.14
1.202815869140625 62.15
1.202829150390625 62.13
1.2028901489257813 62.15
1.2029472900390625 62.14
