1.573712841796875 66.44
1.2495838989257813 67.93
2.7557057861328125 66.81
4.401889526367188 66.28
5.74577255859375 65.95
6.815284912109375 65.85
7.624811572265625 65.82
8.1872283203125 65.71
8.612856494140624 65.65
8.909590185546875 65.6
9.1212021484375 65.59
9.267726806640624 65.59
9.37653720703125 65.58
9.450662255859376 65.58
9.5017169921875 65.57
9.53829599609375 65.57
9.56274794921875 65.57
9.57965791015625 65.58
9.59112236328125 65.58
9.599264794921876 65.58
9.605008984375 65.58
9.6085998046875 65.58
9.610777734375 65.58
9.6120443359375 65.58
9.6127677734375 65.58
9.61313544921875 65.58
9.6132056640625 65.58
9.61322734375 65.58
9.613225146484375 65.58
9.61322548828125 65.58
