2.31172412109375 10.1
2.312233447265625 10.1
2.31282900390625 10.1
2.3134678466796874 10.1
2.313975146484375 10.1
2.314349951171875 10.1
2.314615771484375 10.1
2.3147998779296874 10.09
2.314940283203125 10.08
2.315045947265625 10.06
2.3151204345703125 10.04
2.31517548828125 10.03
2.3152128173828124 10.0
2.315239990234375 9.96
2.3152593505859373 9.93
2.3152719970703126 9.95
2.3152810546875 9.96
2.315287255859375 9.96
2.3152914306640624 9.96
2.3152912109375 9.96
2.31528525390625 9.96
2.3152806640625 9.96
2.3152786865234374 9.96
2.3152753662109373 9.96
2.315272119140625 9.96
2.315269287109375 9.96
2.3152685791015624 9.96
2.31526865234375 9.96
2.3152687744140623 9.96
2.3152685791015624 9.96
