2.08525107421875 27.83
2.126736865234375 22.33
2.145331591796875 20.75
2.1485876953125 20.64
2.1534708251953125 20.15
2.1552251708984373 20.07
2.157366748046875 19.86
2.1590477783203124 19.66
2.160743212890625 19.58
2.1613632568359376 19.48
2.161600537109375 19.46
2.16185419921875 19.46
2.162017236328125 19.45
2.1620523193359373 19.45
2.1621505126953124 19.45
2.16216240234375 19.45
2.162181298828125 19.45
2.162196435546875 19.45
2.162218408203125 19.45
2.162230712890625 19.45
2.1622383544921875 19.45
2.162246142578125 19.45
2.1622505615234373 19.45
2.1622531005859376 19.45
2.1622568359375 19.45
2.1622593017578127 19.45
2.1622638671875 19.45
2.1622665771484373 19.45
2.1622692626953124 19.45
2.1622715576171876 19.45
