2.3068013671875 10.05
2.306801318359375 10.05
2.306801318359375 10.05
2.306801318359375 10.05
2.3068014404296875 10.05
2.3068014404296875 10.05
2.3068012939453126 10.05
2.3068013916015624 10.05
2.3068012939453126 10.05
2.306801318359375 10.05
2.3068013427734373 10.05
2.30680146484375 10.05
2.306801416015625 10.05
2.3068013427734373 10.05
2.306801416015625 10.05
2.3068013427734373 10.05
2.3068014892578126 10.05
2.3068013671875 10.05
2.3068013427734373 10.05
2.3068014404296875 10.05
2.3068013427734373 10.05
2.3068014404296875 10.05
2.3068013916015624 10.05
2.3068014404296875 10.05
2.3068015380859377 10.05
2.306801416015625 10.05
2.306801318359375 10.05
2.3068014892578126 10.05
2.306801513671875 10.05
2.3068012939453126 10.05
