1.2402261962890626 46.78
1.2402262329101563 46.78
1.2402262329101563 46.78
1.2402262084960938 46.78
1.240226220703125 46.78
1.240226220703125 46.78
1.2402262451171875 46.78
1.2402262084960938 46.78
1.2402262084960938 46.78
1.240226220703125 46.78
1.240226220703125 46.78
1.2402262329101563 46.78
1.2402261840820312 46.78
1.2402261962890626 46.78
1.2402261840820312 46.78
1.2402262573242187 46.78
1.2402262329101563 46.78
1.2402262329101563 46.78
1.2402261962890626 46.78
1.240226220703125 46.78
1.2402262084960938 46.78
1.2402261962890626 46.78
1.2402262573242187 46.78
1.2402262329101563 46.78
1.240226220703125 46.78
1.2402262573242187 46.78
1.2402261962890626 46.78
1.2402262451171875 46.78
1.2402261962890626 46.78
1.240226220703125 46.78
