2.306176806640625 10.0
2.3061768310546875 10.0
2.3061768310546875 10.0
2.3061767822265624 10.0
2.3061768798828126 10.0
2.306176708984375 10.0
2.3061767822265624 10.0
2.30617685546875 10.0
2.30617685546875 10.0
2.3061767822265624 10.0
2.306176708984375 10.0
2.3061767333984373 10.0
2.30617685546875 10.0
2.30617685546875 10.0
2.306176953125 10.0
2.306176708984375 10.0
2.3061767333984373 10.0
2.306176806640625 10.0
2.306176708984375 10.0
2.3061768310546875 10.0
2.306176806640625 10.0
2.306176708984375 10.0
2.306176708984375 10.0
2.306176953125 10.0
2.3061768310546875 10.0
2.306176708984375 10.0
2.3061768310546875 10.0
2.306176806640625 10.0
2.306176708984375 10.0
2.3061767333984373 10.0
