5.545043416145055e+32 4.97
6.627842432862316e+32 4.95
6.843538411549876e+32 4.95
6.87299643272471e+32 4.95
6.877995610937116e+32 4.95
6.87893600961208e+32 4.95
6.879043284544124e+32 4.95
6.879043007245555e+32 4.95
6.879043126087799e+32 4.95
6.879043403386368e+32 4.95
6.87904344300045e+32 4.95
6.879043046859637e+32 4.95
6.879043284544124e+32 4.95
6.879043522228611e+32 4.95
6.879043046859637e+32 4.95
6.879043126087799e+32 4.95
6.879043522228611e+32 4.95
6.879043046859637e+32 4.95
6.879043205315962e+32 4.95
6.879043363772286e+32 4.95
6.87904316570188e+32 4.95
6.879043284544124e+32 4.95
6.879043126087799e+32 4.95
6.87904280917515e+32 4.95
6.879043007245555e+32 4.95
6.87904344300045e+32 4.95
6.879043126087799e+32 4.95
6.879043205315962e+32 4.95
6.879043205315962e+32 4.95
6.879043522228611e+32 4.95
