2264174352662.528 10.0
3463256541088029.0 10.0
1.1294499923942011e+17 10.0
7.790480672606488e+17 10.0
2.451297230048758e+18 10.0
4.986846000486512e+18 10.0
7.844036733466491e+18 10.0
1.052038407232952e+19 10.0
1.2744540678911975e+19 10.0
1.4455678178191825e+19 10.0
1.5703784837183017e+19 10.0
1.6584799037307574e+19 10.0
1.7193201232198152e+19 10.0
1.7607827158511847e+19 10.0
1.788718724483749e+19 10.0
1.8075216582519874e+19 10.0
1.8201341691524235e+19 10.0
1.8285494040131439e+19 10.0
1.8341681399442477e+19 10.0
1.8379160580721435e+19 10.0
1.8404253624535226e+19 10.0
1.842198519698811e+19 10.0
1.8433314114440751e+19 10.0
1.8441348873945952e+19 10.0
1.8445393556771293e+19 10.0
1.844814739535344e+19 10.0
1.8448151673773085e+19 10.0
1.844815043528319e+19 10.0
1.844816563493193e+19 10.0
1.8448166085291893e+19 10.0
