0.6914712768554687 78.31
0.7815834716796874 77.97
0.7609700744628907 78.87
0.7813660949707031 78.47
0.7643325012207032 78.91
0.7569984130859375 78.84
0.7523388916015625 78.84
0.7491040161132813 78.87
0.74786123046875 78.95
0.7466911010742188 78.97
0.7470538940429687 78.91
0.746550146484375 78.94
0.7460781311035156 78.96
0.7457897216796875 78.96
0.7455978698730469 78.96
0.745489111328125 78.98
0.7454785034179687 78.96
0.7454801513671875 78.96
0.7453635620117187 78.98
0.74535986328125 78.96
0.7453239929199219 78.96
0.7453142883300782 78.96
0.7453051452636719 78.96
0.74528876953125 78.96
0.7452684936523437 78.98
0.7452647216796875 78.98
0.7452558654785156 78.98
0.7452468566894531 78.98
0.7452442504882812 78.98
0.745239697265625 78.98
