0.12316122283935547 96.21
0.11990132141113281 96.65
0.14131103134155273 96.57
0.15859385299682618 96.54
0.17253320693969726 96.54
0.18164404830932618 96.54
0.18848230895996093 96.54
0.19308965682983398 96.54
0.1965663902282715 96.54
0.19897510833740234 96.54
0.2006631362915039 96.54
0.20198643188476562 96.54
0.2027643798828125 96.54
0.20334241943359374 96.54
0.2037784812927246 96.54
0.2041227325439453 96.54
0.20434253540039063 96.54
0.2045248809814453 96.54
0.20465138931274415 96.54
0.20473913269042968 96.54
0.20481606750488282 96.54
0.20487177124023437 96.54
0.20492023620605468 96.54
0.2049568344116211 96.54
0.2049845245361328 96.54
0.20500586547851563 96.54
0.20502196350097657 96.54
0.20503247375488282 96.54
0.2050409652709961 96.54
0.20504711456298827 96.54
