2.3092732666015623 10.49
2.309273291015625 10.49
2.30927333984375 10.49
2.30927333984375 10.49
2.3092732666015623 10.49
2.30927333984375 10.49
2.3092732421875 10.49
2.30927333984375 10.49
2.309273291015625 10.49
2.30927333984375 10.49
2.3092732421875 10.49
2.3092732421875 10.49
2.3092732666015623 10.49
2.3092732177734376 10.49
2.309273291015625 10.49
2.3092731689453125 10.49
2.30927333984375 10.49
2.309273193359375 10.49
2.3092732421875 10.49
2.309273291015625 10.49
2.3092733154296874 10.49
2.309273193359375 10.49
2.309273291015625 10.49
2.3092732666015623 10.49
2.309273291015625 10.49
2.309273291015625 10.49
2.3092732177734376 10.49
2.3092732421875 10.49
2.309273291015625 10.49
2.3092730712890623 10.49
