0.30126000213623044 93.23
0.49203013610839846 92.54
0.751530615234375 88.69
54.04666015625 43.97
108.60150859375 40.39
75.622490234375 39.67
9.109031298828125 42.14
2.5147390625 24.44
2.6743463623046875 23.45
2.686736474609375 23.1
2.7113754150390625 22.83
2.710031640625 22.56
2.73829541015625 22.56
2.7452167724609375 22.53
2.750288671875 22.54
2.7546084228515624 22.53
2.7562457763671877 22.45
2.75608642578125 22.42
2.75713896484375 22.39
2.7594986083984376 22.39
2.7612148681640627 22.42
2.762333837890625 22.44
2.7633080322265626 22.47
2.763871240234375 22.47
2.7642558837890623 22.47
2.76458115234375 22.47
2.7646865478515625 22.47
2.76471533203125 22.47
2.76466328125 22.47
2.76465654296875 22.47
