2.30104091796875 10.04
2.3010410400390624 10.04
2.301041064453125 10.04
2.3010410400390624 10.04
2.3010409423828126 10.04
2.301041015625 10.04
2.301041015625 10.04
2.3010409423828126 10.04
2.301041015625 10.04
2.3010411376953126 10.04
2.3010410400390624 10.04
2.3010409912109373 10.04
2.3010408447265625 10.04
2.3010409912109373 10.04
2.301041015625 10.04
2.3010408935546875 10.04
2.301040966796875 10.04
2.30104091796875 10.04
2.3010409423828126 10.04
2.3010410400390624 10.04
2.301041015625 10.04
2.301041015625 10.04
2.3010409423828126 10.04
2.30104091796875 10.04
2.3010409912109373 10.04
2.30104091796875 10.04
2.301041015625 10.04
2.301041015625 10.04
2.3010410400390624 10.04
2.30104091796875 10.04
