0.5330909851074219 80.28
0.44218286743164065 83.97
0.48124342651367186 82.08
0.4372816650390625 84.09
0.4393272125244141 84.44
0.5657686401367188 79.8
0.6741474060058594 77.75
0.7653499755859375 75.32
0.8635962646484375 74.23
0.9294913452148438 73.17
0.9746793518066407 72.45
1.0010575622558593 72.23
1.0312402038574218 71.73
1.0472173583984374 71.54
1.0575102111816406 71.42
1.0628515563964844 71.27
1.064961749267578 71.25
1.0683468017578126 71.19
1.0708704528808595 71.15
1.0730530029296874 71.11
1.0746515502929688 71.08
1.075815594482422 71.04
1.076016845703125 71.04
1.0762215026855468 71.05
1.0762467163085938 71.07
1.075897821044922 71.08
1.0750967712402344 71.11
1.0745033630371095 71.12
1.0735164916992188 71.13
1.0729018432617188 71.11
