0.2544765167236328 92.89
0.1984917999267578 94.35
0.1890143783569336 94.78
0.1890143783569336 94.78
0.18901438293457032 94.78
0.18901438598632814 94.78
0.18901438751220703 94.78
0.1890143814086914 94.78
0.18901438293457032 94.78
0.1890143783569336 94.78
0.1890143798828125 94.78
0.1890143783569336 94.78
0.1890143798828125 94.78
0.18901438446044921 94.78
0.1890143798828125 94.78
0.1890143814086914 94.78
0.18901438446044921 94.78
0.18901437683105468 94.78
0.18901437683105468 94.78
0.18901438446044921 94.78
0.18901438751220703 94.78
0.18901438598632814 94.78
0.18901438293457032 94.78
0.1890143798828125 94.78
0.18901438293457032 94.78
0.1890143814086914 94.78
0.1890143783569336 94.78
0.18901438598632814 94.78
0.18901438751220703 94.78
0.18901438903808593 94.78
