34789.3744 11.43
69581.8136 11.45
89165.5976 11.45
99988.9512 11.45
106069.5912 11.45
109750.512 11.45
112040.4816 11.45
113544.196 11.45
114563.4664 11.45
115292.64 11.45
115788.3584 11.45
116148.2448 11.45
116398.864 11.45
116570.764 11.45
116693.4928 11.45
116778.948 11.45
116838.3192 11.45
116883.3712 11.45
116914.028 11.45
116929.54 11.45
116940.1368 11.45
116947.7984 11.45
116953.6304 11.45
116957.3736 11.45
116958.2632 11.45
116958.2832 11.45
116958.2848 11.45
116958.2792 11.45
116958.284 11.45
116958.2848 11.45
