2.3083294921875 8.6
2.308329541015625 8.6
2.3083294921875 8.6
2.30832939453125 8.6
2.3083295166015625 8.6
2.30832939453125 8.6
2.3083294189453123 8.6
2.30832939453125 8.6
2.3083294921875 8.6
2.3083293212890625 8.6
2.3083295166015625 8.6
2.308329345703125 8.6
2.30832939453125 8.6
2.3083294189453123 8.6
2.308329443359375 8.6
2.308329345703125 8.6
2.3083293701171876 8.6
2.308329443359375 8.6
2.308329443359375 8.6
2.308329541015625 8.6
2.30832939453125 8.6
2.308329443359375 8.6
2.308329443359375 8.6
2.3083294189453123 8.6
2.3083294677734374 8.6
2.308329443359375 8.6
2.3083294921875 8.6
2.30832939453125 8.6
2.3083294189453123 8.6
2.3083294189453123 8.6
