0.6374803344726563 80.62
0.617624365234375 81.97
0.6177846984863281 81.99
0.6177847106933594 81.99
0.6177847412109375 81.99
0.6177847351074218 81.99
0.617784716796875 81.99
0.6177847045898438 81.99
0.617784716796875 81.99
0.6177847412109375 81.99
0.6177847106933594 81.99
0.617784716796875 81.99
0.6177847106933594 81.99
0.6177846923828125 81.99
0.6177847229003907 81.99
0.6177847045898438 81.99
0.6177847290039062 81.99
0.6177846984863281 81.99
0.6177846984863281 81.99
0.6177846984863281 81.99
0.6177847229003907 81.99
0.6177846923828125 81.99
0.6177847290039062 81.99
0.617784716796875 81.99
0.617784716796875 81.99
0.6177847290039062 81.99
0.6177847045898438 81.99
0.6177846984863281 81.99
0.6177846984863281 81.99
0.6177847106933594 81.99
