2.4464521728515627 44.94
112.25534453125 31.55
26.5768658203125 37.77
40.695613671875 22.31
36.61050625 23.82
34.039820703125 26.1
33.19170859375 26.41
32.5440529296875 26.67
32.2614396484375 26.65
31.9276810546875 26.65
31.77079765625 26.47
31.6763560546875 26.36
31.609521875 26.32
31.5503701171875 26.23
31.521453515625 26.24
31.5052931640625 26.2
31.48895703125 26.17
31.476723828125 26.19
31.46812890625 26.2
31.4625453125 26.22
31.4583203125 26.21
31.4553125 26.22
31.4530984375 26.21
31.4505177734375 26.18
31.4494568359375 26.17
31.4493884765625 26.17
31.4494798828125 26.17
31.4494251953125 26.17
31.4495998046875 26.17
31.4496966796875 26.18
