2.3108865478515623 10.1
2.310886328125 10.1
2.3108865966796874 10.1
2.3108865478515623 10.1
2.310886669921875 10.1
2.31088662109375 10.1
2.3108865234375 10.1
2.3108865478515623 10.1
2.3108865478515623 10.1
2.310886572265625 10.1
2.310886474609375 10.1
2.3108865478515623 10.1
2.3108864990234377 10.1
2.3108865966796874 10.1
2.31088662109375 10.1
2.3108865966796874 10.1
2.31088642578125 10.1
2.3108865478515623 10.1
2.3108865234375 10.1
2.31088662109375 10.1
2.310886474609375 10.1
2.3108865478515623 10.1
2.3108866455078125 10.1
2.3108865478515623 10.1
2.3108865234375 10.1
2.3108866455078125 10.1
2.310886474609375 10.1
2.31088662109375 10.1
2.3108864990234377 10.1
2.3108865234375 10.1
