1.6732248625221166e+32 39.38
1.8712579226326725e+32 39.41
1.879511397620352e+32 39.41
1.879924631908986e+32 39.41
1.8799278406495677e+32 39.41
1.879928038719974e+32 39.41
1.879927939684771e+32 39.41
1.8799278010354864e+32 39.41
1.8799279000706896e+32 39.41
1.8799279792988522e+32 39.41
1.879927880263649e+32 39.41
1.8799279000706896e+32 39.41
1.879927820842527e+32 39.41
1.8799279000706896e+32 39.41
1.87992791987773e+32 39.41
1.8799279594918114e+32 39.41
1.8799278604566082e+32 39.41
1.87992791987773e+32 39.41
1.879927939684771e+32 39.41
1.8799279000706896e+32 39.41
1.8799279991058927e+32 39.41
1.879927880263649e+32 39.41
1.87992791987773e+32 39.41
1.879927939684771e+32 39.41
1.8799279594918114e+32 39.41
1.8799279991058927e+32 39.41
1.8799279000706896e+32 39.41
1.87992791987773e+32 39.41
1.879928038719974e+32 39.41
1.87992791987773e+32 39.41
