1765.4356875 79.93
4114.81425 79.94
6541.10295 79.92
8692.6682 79.92
10410.4689 79.92
11761.0267 79.92
12769.8825 79.92
13506.039 79.92
14037.7627 79.92
14418.6576 79.92
14688.7975 79.92
14885.5056 79.92
15021.2298 79.92
15117.4342 79.92
15186.37 79.92
15234.1299 79.92
15268.5818 79.92
15293.6431 79.92
15311.5534 79.92
15324.7755 79.92
15334.3685 79.92
15341.5579 79.92
15347.0785 79.92
15351.6738 79.92
15354.6681 79.92
15356.0942 79.92
15356.643 79.92
15356.837 79.92
15356.8724 79.92
15356.8728 79.92
