2.4294315185546873 9.41
2.4294315185546873 9.41
2.4294314697265627 9.41
2.4294315673828124 9.41
2.4294315673828124 9.41
2.42943154296875 9.41
2.4294315185546873 9.41
2.429431494140625 9.41
2.4294315673828124 9.41
2.4294315673828124 9.41
2.42943173828125 9.41
2.4294314697265627 9.41
2.429431494140625 9.41
2.429431640625 9.41
2.4294315185546873 9.41
2.429431494140625 9.41
2.4294314697265627 9.41
2.429431494140625 9.41
2.42943154296875 9.41
2.4294315185546873 9.41
2.429431640625 9.41
2.42943154296875 9.41
2.42943154296875 9.41
2.4294314697265627 9.41
2.4294315673828124 9.41
2.4294316162109375 9.41
2.4294315185546873 9.41
2.429431689453125 9.41
2.4294316162109375 9.41
2.4294315185546873 9.41
