0.5567767517089843 80.11
0.5811306091308593 78.61
0.5401098327636719 81.02
0.5405210144042969 81.03
0.5405210388183593 81.03
0.5405210479736328 81.03
0.5405210083007812 81.03
0.5405210388183593 81.03
0.5405210327148438 81.03
0.540521044921875 81.03
0.5405210327148438 81.03
0.5405210357666016 81.03
0.5405210174560547 81.03
0.5405209991455078 81.03
0.5405210205078125 81.03
0.5405210327148438 81.03
0.5405210388183593 81.03
0.5405210205078125 81.03
0.5405210144042969 81.03
0.540521044921875 81.03
0.5405210083007812 81.03
0.5405210021972656 81.03
0.5405210083007812 81.03
0.5405210144042969 81.03
0.5405210327148438 81.03
0.5405210083007812 81.03
0.5405210296630859 81.03
0.5405210327148438 81.03
0.5405210296630859 81.03
0.5405210174560547 81.03
