2.3147230712890625 9.52
2.31472314453125 9.52
2.3147232421875 9.52
2.3147232177734374 9.52
2.3147230712890625 9.52
2.3147231201171876 9.52
2.31472314453125 9.52
2.3147231689453127 9.52
2.31472314453125 9.52
2.31472314453125 9.52
2.314723193359375 9.52
2.314723095703125 9.52
2.3147232421875 9.52
2.3147230224609374 9.52
2.314723193359375 9.52
2.31472314453125 9.52
2.3147231689453127 9.52
2.314723046875 9.52
2.314723095703125 9.52
2.3147231201171876 9.52
2.3147231201171876 9.52
2.3147231689453127 9.52
2.3147231689453127 9.52
2.3147231201171876 9.52
2.3147232177734374 9.52
2.3147231201171876 9.52
2.3147232666015625 9.52
2.3147231689453127 9.52
2.314722998046875 9.52
2.3147232177734374 9.52
