0.14168225860595704 95.54
0.1752717803955078 95.92
0.238037060546875 95.9
0.2897591567993164 95.9
0.32886156463623045 95.9
0.3581932952880859 95.9
0.37972449340820313 95.9
0.3945789276123047 95.9
0.40538587951660154 95.9
0.4133011779785156 95.9
0.41872296447753904 95.9
0.42237080688476564 95.9
0.4251393768310547 95.9
0.42712155456542966 95.9
0.42839521789550783 95.9
0.4293628875732422 95.9
0.4300647796630859 95.9
0.4305489471435547 95.9
0.4309210418701172 95.9
0.43119588317871094 95.9
0.4314086212158203 95.9
0.43157657470703126 95.9
0.4316955780029297 95.9
0.43178876342773437 95.9
0.4318578125 95.9
0.4319143371582031 95.9
0.43195699157714845 95.9
0.4319901123046875 95.9
0.43201212768554687 95.9
0.43202838439941404 95.9
