16.0996306640625 89.6
63.574910546875 89.6
120.98990078125 89.61
184.5933890625 89.6
241.1310734375 89.6
287.2667390625 89.6
319.6573328125 89.6
344.8530484375 89.6
364.886421875 89.6
379.0904375 89.6
389.58088125 89.6
397.03935 89.6
401.936859375 89.6
405.6517375 89.6
408.216284375 89.6
410.028840625 89.6
411.444590625 89.6
412.41660625 89.6
413.1104375 89.6
413.61770625 89.6
414.0187625 89.6
414.310153125 89.6
414.52689375 89.6
414.701559375 89.6
414.85418125 89.6
414.97768125 89.6
415.07990625 89.6
415.1671875 89.6
415.234328125 89.6
415.275846875 89.6
