0.582577001953125 79.18
0.5678406860351563 79.07
0.5258917846679687 81.75
0.5258917785644531 81.75
0.5258917694091797 81.75
0.5258917602539063 81.75
0.5258917724609375 81.75
0.5258918090820313 81.75
0.5258917755126953 81.75
0.5258917694091797 81.75
0.5258917510986328 81.75
0.5258917877197266 81.75
0.525891781616211 81.75
0.5258917419433594 81.75
0.5258917663574219 81.75
0.5258917572021484 81.75
0.5258917602539063 81.75
0.525891748046875 81.75
0.5258917602539063 81.75
0.5258917602539063 81.75
0.5258917572021484 81.75
0.5258917572021484 81.75
0.5258917510986328 81.75
0.5258917724609375 81.75
0.5258917663574219 81.75
0.5258917602539063 81.75
0.5258917846679687 81.75
0.5258917724609375 81.75
0.5258917572021484 81.75
0.5258917633056641 81.75
