0.5088665344238281 81.33
0.4370648162841797 84.12
0.67641591796875 76.77
0.45582939453125 84.2
0.6444344909667968 78.9
1.0859287109375 65.88
1.548286474609375 56.72
1.73004189453125 55.58
1.8164869018554688 55.28
1.88726953125 55.13
1.9423114013671876 54.97
1.988590234375 54.96
2.0228726440429687 54.99
2.0432846557617186 54.92
2.0559345947265624 54.89
2.0655464477539063 54.88
2.0719574462890624 54.86
2.077083361816406 54.83
2.080793603515625 54.79
2.083177014160156 54.83
2.0848135498046876 54.83
2.085930908203125 54.84
2.0864051513671873 54.84
2.0859273681640627 54.85
2.085559118652344 54.85
2.0852540893554687 54.84
2.0849802734375 54.87
2.08449794921875 54.88
2.084062170410156 54.88
2.08368349609375 54.88
