2.3119866455078126 10.1
2.3124122802734375 10.1
2.31287763671875 10.1
2.3133127685546877 10.1
2.313711865234375 10.11
2.314031298828125 10.12
2.3142737060546876 10.11
2.314449169921875 10.11
2.314574853515625 10.1
2.314666015625 10.12
2.314730078125 10.12
2.3147770263671874 10.12
2.31480888671875 10.1
2.3148321533203124 10.11
2.3148488037109374 10.1
2.3148603271484376 10.08
2.314868212890625 10.09
2.3148734375 10.09
2.314875732421875 10.1
2.314874072265625 10.1
2.314870654296875 10.09
2.3148683349609374 10.09
2.3148656494140627 10.09
2.3148633544921875 10.09
2.31486171875 10.09
2.3148615966796875 10.09
2.3148615478515624 10.09
2.3148615234375 10.09
2.3148615966796875 10.09
2.314861474609375 10.09
