0.13631086196899414 95.9
0.13450700607299804 95.92
0.10992861022949219 96.68
0.47172095947265624 89.63
1.3701184814453125 52.95
1.2477438598632813 60.83
1.25977392578125 58.67
1.2642498779296876 57.88
1.2816685546875 56.88
1.2909904907226561 56.3
1.3031529296875 55.55
1.29664833984375 55.82
1.308958154296875 55.11
1.312154931640625 54.96
1.3128350708007812 54.91
1.3141426025390626 54.92
1.3150986572265626 54.88
1.31605849609375 54.86
1.3160034423828124 54.83
1.3163287719726562 54.8
1.3167659301757813 54.75
1.3170363647460936 54.76
1.3170371826171876 54.76
1.3170722900390626 54.76
1.3171417846679687 54.75
1.317117822265625 54.75
1.3170086181640626 54.74
1.3169642822265626 54.75
1.3169446166992187 54.74
1.3170084228515626 54.73
