0.39079735412597655 88.67
0.5762173736572266 83.38
1.99417099609375 28.81
2.2034662841796875 19.83
2.3966171630859376 10.68
2.3814828857421877 10.44
2.38870595703125 10.35
2.394549365234375 10.37
2.395017431640625 10.28
2.3985537109375 10.28
2.3993653564453123 10.3
2.4002981201171876 10.28
2.4007220703125 10.28
2.4012705322265626 10.28
2.4013795654296874 10.3
2.4013403076171875 10.32
2.401340576171875 10.31
2.40130576171875 10.32
2.4012869384765625 10.32
2.4012721435546873 10.32
2.4012635498046877 10.33
2.4012566650390625 10.33
2.4012430908203126 10.33
2.401238330078125 10.33
2.40123251953125 10.32
2.40122626953125 10.32
2.4012322021484374 10.33
2.4012328857421874 10.33
2.4012364013671874 10.33
2.4012376708984373 10.33
