0.3784857452392578 88.59
0.28575489196777343 91.94
0.2445275375366211 93.13
0.2516771224975586 93.03
0.24549503173828124 92.91
0.24388362274169922 92.98
0.24403170928955079 92.92
0.24422763977050782 92.92
0.244397265625 92.91
0.2445167221069336 92.9
0.24464985809326173 92.91
0.24470166931152343 92.91
0.24473453216552735 92.91
0.24474334716796875 92.9
0.24476485900878905 92.9
0.24476904296875 92.9
0.2447796417236328 92.9
0.24478806915283202 92.9
0.24479505615234376 92.9
0.24480068359375 92.9
0.2448037399291992 92.9
0.24480587005615234 92.9
0.2448081085205078 92.9
0.24480911712646483 92.9
0.24481022644042968 92.9
0.24481114044189453 92.9
0.24481284942626952 92.9
0.24481482696533202 92.9
0.24481654205322265 92.9
0.24481755981445313 92.9
