0.7465318298339844 73.27
0.8776179260253906 65.25
0.6902214965820312 75.21
0.6917181945800781 75.2
0.6917182434082031 75.2
0.6917182434082031 75.2
0.6917182189941407 75.2
0.6917182250976562 75.2
0.6917182067871094 75.2
0.6917182189941407 75.2
0.6917182556152344 75.2
0.6917182434082031 75.2
0.6917181884765625 75.2
0.6917181884765625 75.2
0.6917182250976562 75.2
0.6917181884765625 75.2
0.6917182067871094 75.2
0.6917181823730468 75.2
0.691718212890625 75.2
0.6917182312011719 75.2
0.6917182556152344 75.2
0.6917182373046875 75.2
0.6917182250976562 75.2
0.6917182373046875 75.2
0.6917182250976562 75.2
0.6917182250976562 75.2
0.6917182067871094 75.2
0.6917182250976562 75.2
0.6917181823730468 75.2
0.6917182189941407 75.2
