37328801130.78075 10.06
37297896345.70537 10.06
37277702501.63431 10.06
37259040942.13354 10.06
37248610494.51765 10.06
37237438546.61375 10.06
37225823784.60315 10.06
37209291463.29745 10.06
37193412746.088234 10.06
37184239935.0061 10.06
37177549233.23097 10.06
37170499289.78226 10.06
37170398207.054955 10.06
37170397368.65793 10.06
37170396162.33289 10.06
37170395900.18827 10.06
37170396476.90631 10.06
37170397053.62162 10.06
37170395900.420815 10.06
37170395742.670235 10.06
37170396109.67211 10.06
37170396266.95812 10.06
37170396214.761795 10.06
37170395113.75661 10.06
37170396319.387665 10.06
37170395533.41861 10.06
37170396005.04672 10.06
37170395900.419716 10.06
37170396738.817474 10.06
37170396109.90424 10.06
