0.1713133285522461 94.72
0.14824285354614258 95.58
0.1735950523376465 95.6
0.18559636154174805 95.58
0.19233343887329102 95.58
0.19642035522460938 95.61
0.19805901336669923 95.62
0.19905183563232423 95.61
0.2001836227416992 95.61
0.20086143188476563 95.61
0.20127661895751953 95.6
0.20183928833007814 95.6
0.20210018310546876 95.6
0.20218934326171875 95.6
0.2022646240234375 95.6
0.20237730102539062 95.6
0.20245877304077148 95.6
0.20251041717529297 95.6
0.20256900939941405 95.6
0.20260684967041015 95.6
0.2026457015991211 95.6
0.2026756820678711 95.6
0.20270558929443358 95.6
0.20273271026611328 95.6
0.20275357513427733 95.6
0.2027732620239258 95.6
0.20279038543701172 95.6
0.20280360565185546 95.6
0.20281367797851563 95.6
0.2028220932006836 95.6
