127.72340234375 88.42
752.63870625 88.42
1728.816275 88.42
2855.7539 88.42
3917.8997 88.42
4855.3845 88.41
5590.3406 88.41
6162.47985 88.41
6567.04435 88.41
6860.3837 88.41
7083.56935 88.41
7236.8727 88.41
7342.86335 88.41
7420.7053 88.41
7475.4676 88.41
7515.3352 88.41
7543.9169 88.41
7564.1661 88.41
7578.8106 88.41
7589.64835 88.41
7597.48015 88.41
7603.46505 88.41
7607.91645 88.41
7611.17455 88.41
7613.64045 88.41
7615.46805 88.41
7616.83645 88.41
7617.76995 88.41
7618.28775 88.41
7618.4882 88.41
