103256.5312 50.26
137254.6728 50.26
161450.6912 50.26
179828.8048 50.25
193568.9776 50.25
203621.0576 50.25
210937.9968 50.25
216046.712 50.25
219704.528 50.25
222303.8064 50.25
224156.5456 50.24
225457.0352 50.24
226373.0672 50.24
227026.216 50.24
227492.68 50.24
227831.3888 50.24
228074.3648 50.24
228248.768 50.24
228381.6416 50.24
228477.0144 50.24
228551.552 50.24
228611.4464 50.24
228644.8656 50.24
228654.3344 50.24
228656.0432 50.24
228655.8096 50.24
228655.7744 50.24
228655.7776 50.24
228655.7712 50.24
228655.776 50.24
