2.3086546630859375 10.0
2.308654736328125 10.0
2.3086547119140626 10.0
2.3086546630859375 10.0
2.3086547119140626 10.0
2.308654833984375 10.0
2.3086547119140626 10.0
2.3086546142578124 10.0
2.3086546875 10.0
2.308654736328125 10.0
2.3086547119140626 10.0
2.3086546875 10.0
2.3086547119140626 10.0
2.3086546875 10.0
2.3086547607421877 10.0
2.3086547119140626 10.0
2.308654736328125 10.0
2.3086547119140626 10.0
2.30865478515625 10.0
2.3086548095703123 10.0
2.30865478515625 10.0
2.3086547607421877 10.0
2.308654736328125 10.0
2.308654833984375 10.0
2.308654736328125 10.0
2.3086546630859375 10.0
2.3086547607421877 10.0
2.308654736328125 10.0
2.3086546875 10.0
2.308654736328125 10.0
