2.317072998046875 10.0
2.317073095703125 10.0
2.3170730224609377 10.0
2.317072998046875 10.0
2.317072998046875 10.0
2.317073193359375 10.0
2.3170730224609377 10.0
2.3170730224609377 10.0
2.317073095703125 10.0
2.317073095703125 10.0
2.3170730224609377 10.0
2.3170730224609377 10.0
2.3170731201171875 10.0
2.3170731201171875 10.0
2.31707294921875 10.0
2.317073046875 10.0
2.317073193359375 10.0
2.317072998046875 10.0
2.317073095703125 10.0
2.3170730224609377 10.0
2.3170729736328126 10.0
2.317073095703125 10.0
2.3170730224609377 10.0
2.3170730712890624 10.0
2.3170731689453126 10.0
2.3170731201171875 10.0
2.3170730712890624 10.0
2.3170730712890624 10.0
2.317073046875 10.0
2.3170730224609377 10.0
