29684122674.7904 38.62
33092171045.2736 38.63
33229571830.5792 38.63
33318653604.6592 38.63
33387048442.2656 38.63
33437698437.9392 38.63
33473116608.9216 38.63
33498827902.1568 38.63
33518602996.9408 38.63
33533157231.8208 38.63
33544919737.9584 38.63
33553983628.9024 38.63
33560600982.3232 38.63
33565258337.4848 38.63
33568620911.0016 38.63
33571063673.6512 38.63
33572656041.1648 38.63
33573445618.8928 38.63
33573718038.9376 38.63
33573729153.8432 38.63
33573729573.2736 38.63
33573729992.704 38.63
33573729363.5584 38.63
33573731250.9952 38.63
33573729782.9888 38.63
33573728944.128 38.63
33573730831.5648 38.63
33573730831.5648 38.63
33573728944.128 38.63
33573731670.4256 38.63
