10112.7471 57.92
20436.3684 62.06
31703.8012 60.11
43617.554 57.13
54425.6952 55.33
62649.4664 54.35
68864.5356 53.65
73501.8704 53.42
76641.516 53.08
78932.8768 52.73
80406.768 52.6
81531.6656 52.5
82287.9064 52.45
82838.8688 52.48
83230.0568 52.44
83491.4016 52.38
83681.7288 52.38
83814.7712 52.39
83905.7192 52.38
83973.2088 52.36
84018.9272 52.36
84049.4616 52.36
84056.4656 52.32
84062.9816 52.31
84062.2712 52.29
84057.556 52.28
84057.3696 52.28
84057.4472 52.28
84057.4504 52.28
84057.448 52.28
