0.5509047271728515 80.13
0.5187608215332031 81.99
0.5783378112792968 81.99
1.8594480834960938 28.71
2.0945779296875 24.79
2.1077696533203123 23.32
2.1174630126953127 22.46
2.129586328125 21.52
2.1372478271484376 21.03
2.1444172119140625 20.57
2.1491230712890625 20.34
2.1509132080078124 20.2
2.152447900390625 20.11
2.1535181396484373 20.02
2.1544135009765624 19.98
2.15499736328125 19.91
2.1554256103515623 19.86
2.155719091796875 19.86
2.1559461669921873 19.85
2.156104296875 19.84
2.1562044921875 19.84
2.1562714111328125 19.84
2.1563225341796874 19.84
2.1563630126953126 19.84
2.1563953125 19.84
2.156416796875 19.84
2.156421728515625 19.84
2.156419873046875 19.84
2.156417236328125 19.84
2.156416748046875 19.84
