0.49321678466796876 81.14
0.4436359344482422 84.13
0.4358103485107422 84.95
0.44120767517089843 84.92
0.4520365020751953 84.88
0.46021747436523436 84.89
0.46711944580078124 84.92
0.47159149780273435 84.92
0.4746607177734375 84.92
0.476615087890625 84.9
0.47794458923339844 84.88
0.4788601440429687 84.89
0.47949466552734377 84.88
0.47990840454101563 84.88
0.4802528594970703 84.89
0.48048255920410154 84.89
0.4806405090332031 84.89
0.48075485534667967 84.89
0.48082065734863283 84.89
0.4808697692871094 84.89
0.4809085357666016 84.89
0.48093460693359374 84.9
0.4809508972167969 84.9
0.48096234436035157 84.9
0.4809686126708984 84.9
0.4809736053466797 84.9
0.48097459716796875 84.9
0.48097473754882814 84.9
0.4809730743408203 84.9
0.4809716339111328 84.9
