1.7891910278320313 36.35
1.772243408203125 38.06
1.7698467529296875 38.45
1.76896630859375 38.37
1.7685955688476562 39.63
1.7684128051757813 38.8
1.7682626708984375 38.93
1.7681944580078126 38.99
1.7681433349609375 38.86
1.7681130859375 38.77
1.7680902221679689 38.71
1.7680769653320312 38.78
1.7680675170898437 38.76
1.7680607055664062 38.72
1.7680564086914063 38.73
1.7680536987304687 38.75
1.7680513549804688 38.76
1.7680496704101563 38.75
1.7680482788085938 38.76
1.768047607421875 38.75
1.7680469360351563 38.75
1.7680466064453124 38.75
1.768046337890625 38.75
1.7680462280273437 38.75
1.768045947265625 38.75
1.7680458984375 38.75
1.7680459350585938 38.75
1.7680457885742187 38.75
1.7680458374023438 38.75
1.768045703125 38.75
