2.3331240966796876 10.02
2.3303668701171874 10.02
2.33038720703125 10.01
2.3303755126953125 10.01
2.3311264404296876 10.01
2.3318745849609375 10.01
2.33297744140625 10.01
2.3332133544921874 10.01
2.3337726318359375 10.01
2.3335610595703127 10.01
2.33437529296875 10.01
2.3346793701171875 10.01
2.334288134765625 10.01
2.334810546875 10.01
2.334750830078125 10.01
2.3347384033203125 10.01
2.3347185791015623 10.01
2.334819921875 10.01
2.3347829345703124 10.01
2.334763427734375 10.01
2.334714208984375 10.01
2.3346465087890627 10.01
2.33454794921875 10.01
2.3345514404296877 10.01
2.3346099609375 10.01
2.3346104736328126 10.01
2.3346083984375 10.01
2.334605517578125 10.01
2.334603759765625 10.01
2.3346034423828126 10.01
