0.5735663208007813 78.12
0.4671063323974609 83.14
0.7679130676269531 74.83
1.4324238159179687 60.67
1.540810302734375 56.52
1.6439711303710938 47.98
1.7273412841796876 43.75
1.7632638549804687 40.23
1.790880712890625 37.56
1.84473642578125 34.45
1.8767134155273437 33.07
1.8992039184570313 32.34
1.9171908203125 31.39
1.9303809936523437 30.75
1.9378619384765625 30.38
1.9444389404296876 30.04
1.9483801391601563 29.77
1.951411474609375 29.59
1.9540389038085937 29.4
1.9554358154296876 29.29
1.956551171875 29.19
1.957418017578125 29.1
1.9581245361328126 29.06
1.9586020385742187 29.01
1.9589612426757812 29.01
1.9592670288085938 29.0
1.9595337524414063 28.99
1.959800732421875 28.98
1.9600615600585938 28.94
1.9603113891601562 28.93
