2.79901005859375 24.75
2.3525559814453123 17.73
2.9355048583984376 21.17
5.303034326171875 26.38
5.06859326171875 23.84
4.8864966552734375 20.89
4.789442138671875 20.44
4.694470849609375 20.07
4.639726977539063 19.73
4.570743310546875 19.41
4.539044116210937 19.33
4.498981469726562 19.25
4.473180834960938 19.19
4.4572962890625 19.17
4.449749340820312 19.14
4.440675561523437 19.14
4.4335879150390625 19.1
4.431268994140625 19.08
4.429327026367187 19.07
4.4271829833984375 19.04
4.42582470703125 19.04
4.4252114013671875 19.04
4.424413061523437 19.03
4.424134350585938 19.03
4.423984350585937 19.03
4.4245064453125 19.03
4.424698168945312 19.03
4.424927978515625 19.03
4.425106860351563 19.03
4.425140795898438 19.03
