5.941475141331286e+25 11.77
5.943351101416606e+25 11.77
5.944568669166884e+25 11.78
5.945412650504703e+25 11.77
5.946076756903189e+25 11.79
5.9464531767355385e+25 11.76
5.946779586706834e+25 11.77
5.947058725789636e+25 11.76
5.947090790658055e+25 11.77
5.947092821275643e+25 11.78
5.947092962946637e+25 11.78
5.947093057393967e+25 11.78
5.947092962946637e+25 11.78
5.947093246288627e+25 11.78
5.9470931990649615e+25 11.78
5.947092868499308e+25 11.78
5.947092962946637e+25 11.78
5.947092915722973e+25 11.78
5.947093340735956e+25 11.78
5.947093057393967e+25 11.78
5.947093057393967e+25 11.78
5.947092915722973e+25 11.78
5.9470931990649615e+25 11.78
5.947093057393967e+25 11.78
5.947093151841297e+25 11.78
5.947093010170303e+25 11.78
5.94709357685428e+25 11.78
5.947093293512291e+25 11.78
5.947093010170303e+25 11.78
5.9470931046176325e+25 11.78
