3.116873571447154e+31 36.89
3.566480444862793e+31 36.89
3.5712561699463484e+31 36.89
3.571305984653529e+31 36.89
3.571305984653529e+31 36.89
3.571306108447533e+31 36.89
3.5713061827239354e+31 36.89
3.5713061827239354e+31 36.89
3.57130600941233e+31 36.89
3.5713062074827364e+31 36.89
3.5713060589299314e+31 36.89
3.5713061827239354e+31 36.89
3.5713061579651348e+31 36.89
3.5713061827239354e+31 36.89
3.5713060589299314e+31 36.89
3.5713061579651348e+31 36.89
3.5713062074827364e+31 36.89
3.5713060836887325e+31 36.89
3.571306034171131e+31 36.89
3.5713061579651348e+31 36.89
3.5713060589299314e+31 36.89
3.571306232241537e+31 36.89
3.5713060589299314e+31 36.89
3.5713060589299314e+31 36.89
3.5713060589299314e+31 36.89
3.5713059598947285e+31 36.89
3.571306034171131e+31 36.89
3.5713061827239354e+31 36.89
3.571306108447533e+31 36.89
3.571306232241537e+31 36.89
