2.3622173095703123 11.6
2.3622174072265625 11.6
2.36221728515625 11.6
2.3622172607421876 11.6
2.36221728515625 11.6
2.3622172119140625 11.6
2.362217236328125 11.6
2.36221728515625 11.6
2.3622173095703123 11.6
2.3622172607421876 11.6
2.362217333984375 11.6
2.362217333984375 11.6
2.3622173583984374 11.6
2.362217431640625 11.6
2.3622172607421876 11.6
2.3622173095703123 11.6
2.36221728515625 11.6
2.3622173583984374 11.6
2.36221728515625 11.6
2.3622174072265625 11.6
2.362217333984375 11.6
2.3622174560546876 11.6
2.3622172607421876 11.6
2.3622173095703123 11.6
2.3622174072265625 11.6
2.362217333984375 11.6
2.36221728515625 11.6
2.362217431640625 11.6
2.362217333984375 11.6
2.362217333984375 11.6
