2.3586810414818555e+20 18.61
4.520426913047e+20 18.9
4.522933364398015e+20 18.9
4.522942443654864e+20 18.9
4.522949685443065e+20 18.9
4.5229519192284804e+20 18.9
4.522951775113292e+20 18.9
4.522951883199683e+20 18.9
4.5229519192284804e+20 18.9
4.522951775113292e+20 18.9
4.522951775113292e+20 18.9
4.522951847170886e+20 18.9
4.522951775113292e+20 18.9
4.522951739084495e+20 18.9
4.522951955257277e+20 18.9
4.522951883199683e+20 18.9
4.522951630998104e+20 18.9
4.5229519192284804e+20 18.9
4.522951703055698e+20 18.9
4.522951522911713e+20 18.9
4.522951847170886e+20 18.9
4.522951667026901e+20 18.9
4.522951883199683e+20 18.9
4.522951847170886e+20 18.9
4.522951630998104e+20 18.9
4.522951594969307e+20 18.9
4.522951955257277e+20 18.9
4.5229518111420894e+20 18.9
4.522951775113292e+20 18.9
4.522951594969307e+20 18.9
