2.3051680908203127 12.78
2.3051680908203127 12.78
2.305168212890625 12.78
2.305168017578125 12.78
2.3051680908203127 12.78
2.3051681396484374 12.78
2.3051681396484374 12.78
2.305168017578125 12.78
2.3051681396484374 12.78
2.3051680908203127 12.78
2.3051681884765625 12.78
2.3051681396484374 12.78
2.3051680419921876 12.78
2.30516806640625 12.78
2.305168212890625 12.78
2.3051679443359374 12.78
2.3051681884765625 12.78
2.305168115234375 12.78
2.305168115234375 12.78
2.305168212890625 12.78
2.3051680419921876 12.78
2.305168017578125 12.78
2.3051681640625 12.78
2.305168115234375 12.78
2.305168115234375 12.78
2.3051681396484374 12.78
2.305168115234375 12.78
2.3051680908203127 12.78
2.305168115234375 12.78
2.305168115234375 12.78
