0.10789772262573243 96.7
0.09856534194946288 97.06
0.08880640907287597 97.36
0.09088515548706055 97.39
0.09424316940307617 97.4
0.09656507568359375 97.4
0.0982395378112793 97.4
0.09946464157104493 97.41
0.10027036819458007 97.41
0.10079490051269531 97.41
0.10119253082275391 97.41
0.10148068618774414 97.41
0.10166078033447265 97.41
0.1017781379699707 97.41
0.10186163482666015 97.41
0.10193121032714844 97.41
0.10197378158569335 97.41
0.10200352783203125 97.41
0.10202363815307618 97.41
0.10203853225708008 97.41
0.10204906730651855 97.41
0.10205572814941406 97.41
0.10206005249023438 97.41
0.10206331634521484 97.41
0.10206546173095703 97.41
0.10206667861938476 97.41
0.10206737518310546 97.41
0.10206778106689453 97.41
0.10206801452636718 97.41
0.10206810684204101 97.41
