1.6603561279296875 81.57
4.8267731201171875 79.29
8.6935966796875 79.41
11.61164658203125 78.12
14.98968349609375 79.18
17.0464201171875 78.63
18.45585341796875 78.3
19.63891513671875 78.25
20.56401982421875 78.22
21.181649609375 78.22
21.522938671875 78.09
21.861211328125 78.08
22.0864921875 78.07
22.2382072265625 78.08
22.3627626953125 78.09
22.45243203125 78.13
22.5063572265625 78.12
22.5451453125 78.12
22.5701515625 78.1
22.5881064453125 78.12
22.597173828125 78.09
22.60510703125 78.09
22.6106109375 78.09
22.61103203125 78.09
22.6087658203125 78.09
22.6027537109375 78.07
22.59544453125 78.05
22.59035390625 78.05
22.5870921875 78.05
22.5848236328125 78.05
