7.994017626953125 7.69
7.994017578125 7.69
7.9940173828125 7.69
7.994017236328125 7.69
7.99401728515625 7.69
7.994017333984375 7.69
7.994017431640625 7.69
7.994017724609375 7.69
7.994017529296875 7.69
7.994017529296875 7.69
7.994017626953125 7.69
7.99401728515625 7.69
7.99401728515625 7.69
7.994017041015625 7.69
7.99401748046875 7.69
7.99401728515625 7.69
7.994017724609375 7.69
7.99401748046875 7.69
7.99401767578125 7.69
7.9940171875 7.69
7.9940171875 7.69
7.994017236328125 7.69
7.9940171875 7.69
7.994017236328125 7.69
7.994017333984375 7.69
7.9940173828125 7.69
7.994017578125 7.69
7.994017578125 7.69
7.99401767578125 7.69
7.994017529296875 7.69
