27.6912109375 89.93
101.0526890625 89.96
196.488684375 89.93
286.8257953125 89.94
364.515184375 89.93
424.679728125 89.93
471.986334375 89.93
506.825084375 89.93
533.0637875 89.93
551.659709375 89.93
565.121078125 89.93
574.497715625 89.93
581.288915625 89.93
586.188490625 89.93
589.64755 89.93
592.011740625 89.93
593.705553125 89.93
594.9331 89.93
595.813246875 89.93
596.45794375 89.93
596.935615625 89.93
597.28446875 89.93
597.544221875 89.93
597.751646875 89.93
597.91109375 89.93
598.0296625 89.93
598.1171875 89.93
598.1813625 89.93
598.213440625 89.93
598.22355625 89.93
