3.2365119140625 16.53
3.95424248046875 15.73
4.923562060546875 14.31
5.47045107421875 14.19
6.52651357421875 13.41
6.923697900390625 13.38
6.636915478515625 13.86
6.877690673828125 13.74
7.13926650390625 13.59
7.274279443359375 13.49
7.38583916015625 13.49
7.4642712890625 13.46
7.518405615234375 13.45
7.553873388671875 13.45
7.56237412109375 13.44
7.565748388671875 13.44
7.577055126953125 13.44
7.581953759765625 13.45
7.577476416015625 13.43
7.578869921875 13.43
7.580664306640625 13.43
7.581553125 13.44
7.581097802734375 13.44
7.582921484375 13.44
7.584648876953125 13.42
7.584652587890625 13.42
7.585188427734375 13.42
7.58505654296875 13.42
7.585585302734375 13.42
7.58608759765625 13.42
