25.93060771484375 10.29
17.236371875 10.71
12.63508798828125 10.94
10.843972119140625 10.98
9.736884790039063 11.01
9.1406224609375 11.04
8.761219677734376 11.06
8.493618823242187 11.07
8.314513623046874 11.07
8.189775830078124 11.07
8.1109232421875 11.08
8.052707641601563 11.09
8.013431030273438 11.09
7.986300463867187 11.09
7.964972827148437 11.09
7.952201831054688 11.09
7.941936206054687 11.09
7.937698779296875 11.09
7.933923657226562 11.09
7.933719775390625 11.09
7.932018896484375 11.09
7.9290956787109375 11.09
7.923120190429687 11.09
7.91098642578125 11.09
7.899122534179687 11.09
7.889684521484375 11.09
7.887943408203125 11.09
7.887947631835938 11.09
7.88794736328125 11.09
7.887946411132813 11.09
