4.4222955234767376e+29 11.99
4.5558909176663174e+29 11.99
4.5590296759503e+29 11.99
4.559062055819452e+29 11.99
4.5590619010769475e+29 11.99
4.559062094505078e+29 11.99
4.559062287933209e+29 11.99
4.5590619010769475e+29 11.99
4.5590619010769475e+29 11.99
4.5590621718763306e+29 11.99
4.559061746334442e+29 11.99
4.559062017133826e+29 11.99
4.5590621331907046e+29 11.99
4.559062326618836e+29 11.99
4.559061862391321e+29 11.99
4.559062094505078e+29 11.99
4.5590621718763306e+29 11.99
4.559062210561957e+29 11.99
4.5590621331907046e+29 11.99
4.5590621331907046e+29 11.99
4.559061785020068e+29 11.99
4.5590624039900884e+29 11.99
4.559062017133826e+29 11.99
4.5590619397625734e+29 11.99
4.5590621718763306e+29 11.99
4.5590621718763306e+29 11.99
4.559062094505078e+29 11.99
4.559062094505078e+29 11.99
4.559062094505078e+29 11.99
4.559062055819452e+29 11.99
