2.3061661865234373 9.99
2.3061661865234373 9.99
2.3061661865234373 9.99
2.3061662841796875 9.99
2.3061661865234373 9.99
2.3061662109375 9.99
2.306166259765625 9.99
2.306166259765625 9.99
2.3061661865234373 9.99
2.3061662109375 9.99
2.30616630859375 9.99
2.30616630859375 9.99
2.3061662353515624 9.99
2.3061662109375 9.99
2.3061662353515624 9.99
2.306166162109375 9.99
2.3061661865234373 9.99
2.306166259765625 9.99
2.3061662353515624 9.99
2.3061662841796875 9.99
2.30616611328125 9.99
2.3061662353515624 9.99
2.306166259765625 9.99
2.306166259765625 9.99
2.3061661376953126 9.99
2.3061662109375 9.99
2.3061662353515624 9.99
2.3061662353515624 9.99
2.3061662841796875 9.99
2.3061663330078126 9.99
