2.3091433837890625 10.0
2.309143310546875 10.0
2.3091434326171876 10.0
2.3091433837890625 10.0
2.3091432373046876 10.0
2.3091433349609374 10.0
2.3091433349609374 10.0
2.3091433349609374 10.0
2.309143408203125 10.0
2.3091433837890625 10.0
2.309143408203125 10.0
2.309143359375 10.0
2.3091432861328123 10.0
2.3091434326171876 10.0
2.3091433349609374 10.0
2.309143359375 10.0
2.3091432861328123 10.0
2.309143408203125 10.0
2.309143408203125 10.0
2.3091433837890625 10.0
2.309143310546875 10.0
2.309143310546875 10.0
2.309143408203125 10.0
2.30914345703125 10.0
2.3091433349609374 10.0
2.3091432861328123 10.0
2.309143408203125 10.0
2.309143359375 10.0
2.3091432861328123 10.0
2.3091432861328123 10.0
