1.2602641269457595e+33 12.01
1.702481313386587e+33 12.01
1.8273079454940708e+33 12.01
1.8632273956943079e+33 12.02
1.8739231025599383e+33 12.02
1.876897929914759e+33 12.02
1.8777721017686764e+33 12.02
1.878033665624401e+33 12.02
1.8780895848615035e+33 12.02
1.878089569015871e+33 12.02
1.8780896165527686e+33 12.02
1.8780895848615035e+33 12.02
1.878089537324606e+33 12.02
1.8780896007071362e+33 12.02
1.8780896165527686e+33 12.02
1.878089632398401e+33 12.02
1.8780895531702387e+33 12.02
1.8780896007071362e+33 12.02
1.878089569015871e+33 12.02
1.878089569015871e+33 12.02
1.878089569015871e+33 12.02
1.8780895214789737e+33 12.02
1.878089505633341e+33 12.02
1.8780895214789737e+33 12.02
1.8780896165527686e+33 12.02
1.8780895848615035e+33 12.02
1.8780896799352987e+33 12.02
1.8780895214789737e+33 12.02
1.8780895848615035e+33 12.02
1.8780895214789737e+33 12.02
