2.3106875732421877 10.0
2.3106875244140626 10.0
2.3106876220703123 10.0
2.3106875244140626 10.0
2.31068759765625 10.0
2.3106876708984374 10.0
2.310687548828125 10.0
2.3106875732421877 10.0
2.31068759765625 10.0
2.3106875732421877 10.0
2.3106877197265625 10.0
2.310687646484375 10.0
2.3106875732421877 10.0
2.31068759765625 10.0
2.3106875244140626 10.0
2.310687646484375 10.0
2.3106877197265625 10.0
2.3106875732421877 10.0
2.310687548828125 10.0
2.3106876220703123 10.0
2.3106875 10.0
2.3106875244140626 10.0
2.31068759765625 10.0
2.3106875 10.0
2.3106875732421877 10.0
2.31068759765625 10.0
2.3106875 10.0
2.3106876220703123 10.0
2.3106877197265625 10.0
2.3106875732421877 10.0
