2.30306630859375 10.0
2.30274248046875 10.0
2.3027534423828127 10.0
2.302753466796875 10.0
2.302753466796875 10.0
2.30275341796875 10.0
2.30275341796875 10.0
2.302753515625 10.0
2.30275341796875 10.0
2.302753515625 10.0
2.30275341796875 10.0
2.30275341796875 10.0
2.3027533935546876 10.0
2.3027534423828127 10.0
2.3027535400390624 10.0
2.3027534423828127 10.0
2.3027532958984374 10.0
2.302753515625 10.0
2.302753515625 10.0
2.30275341796875 10.0
2.3027534423828127 10.0
2.3027534912109373 10.0
2.3027535400390624 10.0
2.3027536376953126 10.0
2.3027533935546876 10.0
2.3027534912109373 10.0
2.3027533935546876 10.0
2.302753515625 10.0
2.30275341796875 10.0
2.3027534912109373 10.0
