2.3103066650390627 10.1
2.3103066162109376 10.1
2.3103067138671873 10.1
2.3103067626953124 10.1
2.3103068359375 10.1
2.310306640625 10.1
2.310306787109375 10.1
2.310306787109375 10.1
2.3103068603515626 10.1
2.3103067138671873 10.1
2.3103066650390627 10.1
2.3103068603515626 10.1
2.3103068115234375 10.1
2.3103068115234375 10.1
2.3103067626953124 10.1
2.3103067138671873 10.1
2.310306787109375 10.1
2.310306689453125 10.1
2.3103068603515626 10.1
2.3103069091796873 10.1
2.31030673828125 10.1
2.31030673828125 10.1
2.3103068115234375 10.1
2.310306787109375 10.1
2.310306689453125 10.1
2.3103068359375 10.1
2.3103067138671873 10.1
2.3103068115234375 10.1
2.310306689453125 10.1
2.310306787109375 10.1
