2.30800849609375 8.49
2.3080085205078125 8.49
2.308008544921875 8.49
2.30800849609375 8.49
2.3080084228515627 8.49
2.3080083984375 8.49
2.3080084228515627 8.49
2.3080084716796874 8.49
2.308008349609375 8.49
2.30800859375 8.49
2.3080083984375 8.49
2.3080085205078125 8.49
2.3080085205078125 8.49
2.3080083740234376 8.49
2.3080084716796874 8.49
2.308008447265625 8.49
2.308008447265625 8.49
2.3080085205078125 8.49
2.3080084716796874 8.49
2.3080084716796874 8.49
2.3080083984375 8.49
2.3080083251953125 8.49
2.30800849609375 8.49
2.308008447265625 8.49
2.308008349609375 8.49
2.308008349609375 8.49
2.30800859375 8.49
2.30800849609375 8.49
2.308008447265625 8.49
2.3080084716796874 8.49
