2.34250048828125 9.8
2.3425004150390625 9.8
2.342500439453125 9.8
2.3425004150390625 9.8
2.34250048828125 9.8
2.342500390625 9.8
2.342500341796875 9.8
2.34250048828125 9.8
2.3425004638671876 9.8
2.342500341796875 9.8
2.3425004638671876 9.8
2.342500341796875 9.8
2.3425004150390625 9.8
2.3425005859375 9.8
2.342500390625 9.8
2.3425005126953127 9.8
2.3425004638671876 9.8
2.3425004638671876 9.8
2.342500439453125 9.8
2.342500341796875 9.8
2.342500439453125 9.8
2.34250048828125 9.8
2.34250048828125 9.8
2.3425004150390625 9.8
2.3425004150390625 9.8
2.3425004150390625 9.8
2.34250048828125 9.8
2.342500439453125 9.8
2.34250048828125 9.8
2.3425004150390625 9.8
