24.5468212890625 11.33
24.546821484375 11.33
24.546820703125 11.33
24.5468205078125 11.33
24.546821484375 11.33
24.5468212890625 11.33
24.5468216796875 11.33
24.54682109375 11.33
24.5468220703125 11.33
24.546821875 11.33
24.5468212890625 11.33
24.546821484375 11.33
24.5468203125 11.33
24.5468201171875 11.33
24.5468201171875 11.33
24.546820703125 11.33
24.54682109375 11.33
24.5468197265625 11.33
24.5468212890625 11.33
24.5468208984375 11.33
24.546820703125 11.33
24.54682109375 11.33
24.54682109375 11.33
24.5468220703125 11.33
24.54682109375 11.33
24.5468201171875 11.33
24.5468205078125 11.33
24.546819921875 11.33
24.546821875 11.33
24.5468208984375 11.33
