7.72725625 29.87
10.60362158203125 29.26
11.07173173828125 28.68
6.11048251953125 25.43
5.382000830078125 24.72
4.982844580078125 24.0
4.79299150390625 23.73
4.697576806640625 23.51
4.6209328125 23.4
4.597836962890625 23.36
4.582223950195313 23.31
4.556666259765625 23.27
4.529181982421875 23.2
4.519038134765625 23.18
4.51237421875 23.15
4.507952685546875 23.15
4.50425458984375 23.14
4.500820825195312 23.13
4.498667138671875 23.13
4.495251049804687 23.12
4.490019287109375 23.11
4.485056982421875 23.1
4.481950732421875 23.09
4.479651416015625 23.08
4.477779052734375 23.06
4.476582373046875 23.07
4.475809594726562 23.07
4.475484057617187 23.07
4.475484204101562 23.07
4.475484130859375 23.07
