1.19941953125 47.43
2.001039660644531 39.59
3.1980623291015626 36.55
3.6517654541015623 35.72
4.2852744873046875 33.98
4.5588173828125 33.23
4.502016064453125 33.79
4.48214052734375 34.25
4.636922998046875 33.52
4.739335009765625 33.14
4.746208349609375 33.31
4.7801328125 33.25
4.770260546875 33.33
4.766590185546875 33.4
4.765295654296875 33.41
4.76939765625 33.41
4.77349873046875 33.41
4.773748046875 33.39
4.77472509765625 33.42
4.77253193359375 33.42
4.7724279296875 33.42
4.772328271484375 33.42
4.772188818359375 33.42
4.771939892578125 33.42
4.771499658203125 33.42
4.77177119140625 33.42
4.771975830078125 33.42
4.772925634765625 33.42
4.773606298828125 33.41
4.774061181640625 33.41
