2.303500341796875 7.84
2.3035001953125 7.84
2.3035003662109377 7.84
2.3035002197265624 7.84
2.30350029296875 7.84
2.3035003662109377 7.84
2.3035003173828126 7.84
2.30350029296875 7.84
2.303500341796875 7.84
2.3035002685546875 7.84
2.3035001953125 7.84
2.3035002685546875 7.84
2.3035002197265624 7.84
2.303500341796875 7.84
2.3035001708984373 7.84
2.303500244140625 7.84
2.3035003662109377 7.84
2.3035002197265624 7.84
2.3035002197265624 7.84
2.3035002197265624 7.84
2.303500390625 7.84
2.30350029296875 7.84
2.3035002685546875 7.84
2.30350029296875 7.84
2.3035002685546875 7.84
2.3035002685546875 7.84
2.303500341796875 7.84
2.303500341796875 7.84
2.3035001953125 7.84
2.3035001953125 7.84
