1.251866357421875 43.98
1.16900986328125 55.26
1.1690097900390626 55.26
1.1690098388671875 55.26
1.169009912109375 55.26
1.1690098754882812 55.26
1.1690098022460937 55.26
1.1690098754882812 55.26
1.1690098388671875 55.26
1.1690098266601563 55.26
1.1690098999023437 55.26
1.16900986328125 55.26
1.1690098388671875 55.26
1.169009814453125 55.26
1.1690098388671875 55.26
1.169009814453125 55.26
1.1690098022460937 55.26
1.1690098754882812 55.26
1.169009814453125 55.26
1.169009814453125 55.26
1.169009814453125 55.26
1.16900986328125 55.26
1.1690097534179686 55.26
1.169009912109375 55.26
1.1690098388671875 55.26
1.1690098754882812 55.26
1.1690098266601563 55.26
1.1690098510742188 55.26
1.1690098876953126 55.26
1.1690098999023437 55.26
