2.307101318359375 8.27
2.3071010986328124 8.27
2.3071012939453124 8.27
2.307101171875 8.27
2.3071011962890626 8.27
2.307101171875 8.27
2.307101220703125 8.27
2.3071012939453124 8.27
2.3071012939453124 8.27
2.3071012939453124 8.27
2.3071012451171873 8.27
2.307101220703125 8.27
2.307101220703125 8.27
2.307101220703125 8.27
2.307101171875 8.27
2.307101220703125 8.27
2.307101220703125 8.27
2.307101318359375 8.27
2.3071011962890626 8.27
2.3071011474609375 8.27
2.307101171875 8.27
2.3071012451171873 8.27
2.307101220703125 8.27
2.307101220703125 8.27
2.3071012939453124 8.27
2.3071011962890626 8.27
2.3071012939453124 8.27
2.3071011962890626 8.27
2.3071011474609375 8.27
2.3071012451171873 8.27
