6.330881689453125 71.05
15.10124169921875 70.94
22.8945978515625 71.0
29.0079779296875 70.97
33.65566640625 70.97
36.8599533203125 71.0
39.1304296875 70.99
40.77101953125 71.01
42.036233984375 71.01
42.855338671875 71.03
43.413691015625 71.01
43.820934765625 71.01
44.123693359375 71.01
44.336878125 71.01
44.47986484375 71.01
44.576203515625 71.01
44.649625390625 71.01
44.7051140625 71.01
44.74576640625 71.01
44.77326953125 71.01
44.794595703125 71.01
44.811050390625 71.01
44.82337890625 71.01
44.834287890625 71.01
44.842201953125 71.01
44.848264453125 71.01
44.85370234375 71.01
44.85784140625 71.01
44.860425390625 71.01
44.861580859375 71.01
