2.3022489990234374 14.07
2.3022490234375 14.07
2.3022490234375 14.07
2.3022489990234374 14.07
2.3022489990234374 14.07
2.3022489990234374 14.07
2.3022489501953123 14.07
2.302249072265625 14.07
2.30224912109375 14.07
2.30224892578125 14.07
2.3022489990234374 14.07
2.3022489990234374 14.07
2.302248974609375 14.07
2.3022489501953123 14.07
2.3022489990234374 14.07
2.302248974609375 14.07
2.302248974609375 14.07
2.3022490234375 14.07
2.3022489013671876 14.07
2.302249072265625 14.07
2.3022489501953123 14.07
2.302249072265625 14.07
2.302248974609375 14.07
2.3022489501953123 14.07
2.3022490234375 14.07
2.3022489013671876 14.07
2.3022490234375 14.07
2.3022490234375 14.07
2.3022489990234374 14.07
2.3022488525390625 14.07
