1.1580288626972534e+29 15.85
1.2025584556797518e+29 15.83
1.2049157159569019e+29 15.83
1.2050183392518772e+29 15.83
1.2050183392518772e+29 15.83
1.2050182715520315e+29 15.83
1.2050183102376576e+29 15.83
1.205018213523592e+29 15.83
1.2050182328664052e+29 15.83
1.2050182618806248e+29 15.83
1.2050183392518772e+29 15.83
1.2050182425378118e+29 15.83
1.2050182618806248e+29 15.83
1.2050182522092183e+29 15.83
1.2050182522092183e+29 15.83
1.2050182908948446e+29 15.83
1.2050182715520315e+29 15.83
1.2050183005662511e+29 15.83
1.2050182715520315e+29 15.83
1.2050182715520315e+29 15.83
1.2050182522092183e+29 15.83
1.2050182425378118e+29 15.83
1.2050183005662511e+29 15.83
1.2050183295804708e+29 15.83
1.2050182715520315e+29 15.83
1.2050182328664052e+29 15.83
1.2050183102376576e+29 15.83
1.2050182908948446e+29 15.83
1.2050182425378118e+29 15.83
1.2050182618806248e+29 15.83
