0.4803342010498047 82.93
0.4925578155517578 81.38
0.40956626586914063 85.32
0.4279204803466797 85.31
0.4467452331542969 85.32
0.4612897003173828 85.27
0.4700616638183594 85.28
0.47649976806640626 85.28
0.4809658599853516 85.25
0.4837629638671875 85.26
0.4860763641357422 85.26
0.4874551513671875 85.23
0.4885075653076172 85.24
0.48912400512695314 85.24
0.48959523315429687 85.24
0.4899580047607422 85.23
0.4901888427734375 85.23
0.49037161560058595 85.23
0.4904830596923828 85.24
0.49055723571777343 85.24
0.4906075134277344 85.24
0.4906446533203125 85.24
0.4906715789794922 85.24
0.49068876953125 85.24
0.4906991729736328 85.24
0.49070722961425783 85.24
0.4907067138671875 85.24
0.4907053375244141 85.24
0.490704150390625 85.24
0.4907035888671875 85.24
