771.330659375 12.23
662.66676875 11.67
605.704525 11.37
569.51158125 11.22
546.78746875 11.1
531.71803125 11.02
521.027346875 11.01
513.941165625 10.97
509.54025625 10.95
506.182628125 10.95
504.170809375 10.93
502.85046875 10.94
501.800309375 10.93
501.2815625 10.93
500.766390625 10.93
500.382565625 10.93
500.0174671875 10.93
499.5939421875 10.93
498.869559375 10.93
498.22473125 10.93
497.5482859375 10.91
497.239703125 10.91
497.1415875 10.9
497.14140078125 10.9
497.1426796875 10.9
497.14319375 10.9
497.14324609375 10.9
497.1432125 10.9
497.1432375 10.9
497.1432390625 10.9
