2.313728466796875 11.73
2.3137283203125 11.73
2.313728466796875 11.73
2.313728466796875 11.73
2.3137283447265626 11.73
2.3137283935546873 11.73
2.313728515625 11.73
2.3137283935546873 11.73
2.3137285888671877 11.73
2.3137284912109375 11.73
2.3137284423828124 11.73
2.3137282470703124 11.73
2.313728466796875 11.73
2.3137283935546873 11.73
2.313728369140625 11.73
2.3137284912109375 11.73
2.31372841796875 11.73
2.313728515625 11.73
2.3137283447265626 11.73
2.31372841796875 11.73
2.313728369140625 11.73
2.3137282958984375 11.73
2.3137284423828124 11.73
2.313728271484375 11.73
2.31372841796875 11.73
2.3137283203125 11.73
2.3137284423828124 11.73
2.3137283447265626 11.73
2.3137284912109375 11.73
2.3137283447265626 11.73
