1.6876623657226562 42.91
1.6780612548828124 43.49
1.676114794921875 43.39
1.6753987548828124 43.56
1.6751046264648437 43.51
1.6749515747070312 43.58
1.6748307495117187 43.6
1.6747619140625 43.54
1.6747154418945311 43.53
1.6746771850585938 43.49
1.6746549072265624 43.51
1.674640771484375 43.52
1.6746300903320313 43.52
1.6746225830078125 43.52
1.6746176025390624 43.52
1.6746137573242188 43.52
1.6746113159179687 43.52
1.6746095947265625 43.52
1.6746084350585937 43.52
1.674607421875 43.52
1.6746069580078125 43.52
1.6746064086914063 43.52
1.67460615234375 43.52
1.6746059448242188 43.52
1.6746058715820313 43.52
1.6746057495117188 43.52
1.674605712890625 43.52
1.6746056762695312 43.52
1.674605615234375 43.52
1.6746055908203126 43.52
