1.6917348999023438 43.02
1.6917348510742187 43.02
1.6917347900390625 43.02
1.6917347900390625 43.02
1.6917348510742187 43.02
1.6917348022460938 43.02
1.69173486328125 43.02
1.6917347900390625 43.02
1.6917348999023438 43.02
1.6917347778320313 43.02
1.6917348754882813 43.02
1.6917349609375 43.02
1.6917348510742187 43.02
1.69173486328125 43.02
1.6917348999023438 43.02
1.6917348754882813 43.02
1.6917348510742187 43.02
1.6917347900390625 43.02
1.6917348999023438 43.02
1.6917348754882813 43.02
1.6917347778320313 43.02
1.6917349243164062 43.02
1.6917348754882813 43.02
1.69173486328125 43.02
1.6917348388671876 43.02
1.6917348388671876 43.02
1.6917348999023438 43.02
1.6917348266601562 43.02
1.6917348510742187 43.02
1.691734814453125 43.02
