2.3107569580078127 14.26
2.31075712890625 14.26
2.3107572021484377 14.26
2.3107570556640624 14.26
2.3107571044921875 14.26
2.3107569580078127 14.26
2.310756982421875 14.26
2.310757080078125 14.26
2.3107570556640624 14.26
2.3107570556640624 14.26
2.310757080078125 14.26
2.3107571533203126 14.26
2.3107569580078127 14.26
2.3107571533203126 14.26
2.31075703125 14.26
2.3107572021484377 14.26
2.3107570556640624 14.26
2.3107571044921875 14.26
2.3107572021484377 14.26
2.310757177734375 14.26
2.31075712890625 14.26
2.310757177734375 14.26
2.310757080078125 14.26
2.310757080078125 14.26
2.3107571044921875 14.26
2.3107572021484377 14.26
2.3107570556640624 14.26
2.3107571044921875 14.26
2.310757080078125 14.26
2.3107571044921875 14.26
