2.303876806640625 8.39
2.3038767578125 8.39
2.303876904296875 8.39
2.30387685546875 8.39
2.3038768798828126 8.39
2.303876806640625 8.39
2.3038768310546875 8.39
2.3038767578125 8.39
2.3038767578125 8.39
2.30387685546875 8.39
2.303876806640625 8.39
2.3038768798828126 8.39
2.303876806640625 8.39
2.3038768310546875 8.39
2.3038767333984373 8.39
2.303876806640625 8.39
2.303876904296875 8.39
2.3038768798828126 8.39
2.303876806640625 8.39
2.30387685546875 8.39
2.3038767333984373 8.39
2.30387685546875 8.39
2.303876806640625 8.39
2.303876904296875 8.39
2.3038769287109373 8.39
2.303876806640625 8.39
2.3038767333984373 8.39
2.3038767333984373 8.39
2.30387685546875 8.39
2.3038769775390624 8.39
