97.80248828125 63.47
494.06645 63.43
1126.30448125 63.43
1811.7296375 63.44
2470.351925 63.44
3032.1907 63.42
3469.44775 63.41
3796.603125 63.41
4035.645375 63.41
4215.25445 63.42
4342.555375 63.41
4434.8883 63.42
4499.1924 63.42
4546.772325 63.42
4581.112675 63.42
4604.395475 63.42
4621.07585 63.42
4632.94825 63.42
4641.455925 63.41
4647.7746 63.41
4652.2453 63.41
4655.70455 63.41
4658.2729 63.41
4660.148175 63.41
4661.65135 63.41
4662.763475 63.41
4663.6183 63.41
4664.08995 63.41
4664.2521 63.41
4664.309925 63.41
