2.306365625 9.72
2.3063654052734375 9.72
2.3063654541015626 9.72
2.306365380859375 9.72
2.306365576171875 9.72
2.3063655517578123 9.72
2.306365380859375 9.72
2.3063654541015626 9.72
2.306365478515625 9.72
2.306365283203125 9.72
2.3063654052734375 9.72
2.3063655029296877 9.72
2.306365478515625 9.72
2.306365478515625 9.72
2.3063656005859374 9.72
2.306365380859375 9.72
2.3063653076171877 9.72
2.306365380859375 9.72
2.306365380859375 9.72
2.306365380859375 9.72
2.3063655517578123 9.72
2.3063655029296877 9.72
2.3063654052734375 9.72
2.306365478515625 9.72
2.3063655029296877 9.72
2.3063654296875 9.72
2.3063654541015626 9.72
2.306365478515625 9.72
2.3063654296875 9.72
2.3063654296875 9.72
