2.3361287353515623 14.62
2.336128662109375 14.62
2.3361286376953125 14.62
2.3361287841796874 14.62
2.336128759765625 14.62
2.3361287109375 14.62
2.336128759765625 14.62
2.3361287353515623 14.62
2.3361286865234376 14.62
2.336128662109375 14.62
2.3361286376953125 14.62
2.336128662109375 14.62
2.336128662109375 14.62
2.3361287353515623 14.62
2.336128662109375 14.62
2.3361286865234376 14.62
2.3361287109375 14.62
2.336128759765625 14.62
2.3361288330078125 14.62
2.3361286865234376 14.62
2.3361286865234376 14.62
2.336128759765625 14.62
2.3361287353515623 14.62
2.3361288330078125 14.62
2.3361287353515623 14.62
2.3361288330078125 14.62
2.33612861328125 14.62
2.3361286376953125 14.62
2.33612880859375 14.62
2.3361289306640627 14.62
