0.12879747848510742 96.21
0.11295610122680665 96.64
0.12053195343017578 96.66
0.12666426467895509 96.67
0.12966335983276367 96.66
0.13168662719726562 96.65
0.13292220153808593 96.66
0.13374159164428712 96.65
0.13451398391723632 96.66
0.1350102668762207 96.66
0.13529110870361327 96.66
0.1355440330505371 96.66
0.1357665412902832 96.66
0.13591836166381835 96.66
0.13599797973632813 96.66
0.13606547622680665 96.66
0.13611755905151368 96.66
0.13615788116455077 96.66
0.13619024200439453 96.66
0.13621564178466797 96.66
0.13623756103515625 96.66
0.13625517349243163 96.66
0.13626950759887696 96.66
0.13628370819091798 96.66
0.13629536056518554 96.66
0.1363068962097168 96.66
0.13631597061157227 96.66
0.13632393646240235 96.66
0.13632889556884767 96.66
0.13633312606811523 96.66
