2.30898505859375 10.0
2.308985107421875 10.0
2.308985205078125 10.0
2.30898505859375 10.0
2.3089850341796874 10.0
2.30898505859375 10.0
2.30898505859375 10.0
2.3089851318359376 10.0
2.3089850341796874 10.0
2.3089850341796874 10.0
2.30898505859375 10.0
2.3089850341796874 10.0
2.30898515625 10.0
2.3089850830078125 10.0
2.3089849609375 10.0
2.3089849609375 10.0
2.3089849609375 10.0
2.30898505859375 10.0
2.30898505859375 10.0
2.3089850830078125 10.0
2.3089851318359376 10.0
2.3089851318359376 10.0
2.30898515625 10.0
2.308985107421875 10.0
2.3089850830078125 10.0
2.30898505859375 10.0
2.3089849365234376 10.0
2.3089850830078125 10.0
2.30898515625 10.0
2.3089849609375 10.0
