2.3014416748046873 9.96
2.3014416259765627 9.96
2.3014415283203125 9.96
2.3014415771484376 9.96
2.301441650390625 9.96
2.3014415771484376 9.96
2.301441552734375 9.96
2.3014417236328124 9.96
2.3014416259765627 9.96
2.301441650390625 9.96
2.3014415283203125 9.96
2.301441552734375 9.96
2.3014415771484376 9.96
2.3014414306640627 9.96
2.301441455078125 9.96
2.30144150390625 9.96
2.30144150390625 9.96
2.301441650390625 9.96
2.3014416259765627 9.96
2.3014416259765627 9.96
2.3014416748046873 9.96
2.30144150390625 9.96
2.301441455078125 9.96
2.3014416259765627 9.96
2.3014416748046873 9.96
2.3014415283203125 9.96
2.301441650390625 9.96
2.301441552734375 9.96
2.3014414794921874 9.96
2.3014416259765627 9.96
