2.315800439453125 11.05
2.315800439453125 11.05
2.315800390625 11.05
2.3158005615234374 11.05
2.31580048828125 11.05
2.3158004150390625 11.05
2.3158004150390625 11.05
2.3158003662109374 11.05
2.315800341796875 11.05
2.315800341796875 11.05
2.3158004150390625 11.05
2.315800390625 11.05
2.315800439453125 11.05
2.315800439453125 11.05
2.3158004150390625 11.05
2.3158003173828123 11.05
2.3158004150390625 11.05
2.3158005615234374 11.05
2.3158005126953123 11.05
2.3158003173828123 11.05
2.315800634765625 11.05
2.3158004638671876 11.05
2.315800341796875 11.05
2.315800341796875 11.05
2.3158003173828123 11.05
2.3158004638671876 11.05
2.315800341796875 11.05
2.3158005859375 11.05
2.3158003662109374 11.05
2.3158005126953123 11.05
