202.178153125 9.74
179.4622984375 9.73
160.48913125 9.66
145.929228125 9.6
136.37204609375 9.39
129.122921875 9.42
124.13089453125 9.47
122.01350546875 9.36
121.8223390625 9.46
118.6412859375 9.23
118.18868515625 9.28
119.90731328125 9.42
119.5527015625 9.35
117.785559375 9.4
114.75385 9.27
117.51296328125 9.43
117.8475546875 9.42
115.0453640625 9.23
117.35596328125 9.11
117.93240859375 9.36
119.670553125 9.38
118.32853359375 9.4
116.580971875 9.35
115.9624953125 9.35
119.038546875 9.27
117.7505671875 9.27
116.5844609375 9.29
117.42668125 9.44
116.39095546875 9.27
118.99115 9.37
