2.3086502685546875 10.0
2.3086501953125 10.0
2.30865029296875 10.0
2.3086501953125 10.0
2.3086502197265624 10.0
2.3086502685546875 10.0
2.308650048828125 10.0
2.3086502685546875 10.0
2.3086502197265624 10.0
2.30865029296875 10.0
2.308650244140625 10.0
2.3086501953125 10.0
2.308650244140625 10.0
2.308650146484375 10.0
2.30865029296875 10.0
2.308650146484375 10.0
2.308650244140625 10.0
2.308650244140625 10.0
2.3086503173828126 10.0
2.3086500732421875 10.0
2.3086501708984377 10.0
2.3086502685546875 10.0
2.308650244140625 10.0
2.3086501953125 10.0
2.3086502685546875 10.0
2.3086502685546875 10.0
2.3086502197265624 10.0
2.3086501708984377 10.0
2.308650244140625 10.0
2.3086501708984377 10.0
