83.16316796875 18.26
161.1033046875 18.44
232.2094546875 17.47
292.42039375 17.14
334.702984375 16.87
365.527184375 16.7
389.583271875 16.61
407.12495625 16.52
420.0129125 16.49
429.550525 16.48
435.76845 16.46
440.28935625 16.46
443.311171875 16.47
445.500784375 16.47
446.966846875 16.46
448.058003125 16.46
448.780140625 16.45
449.31055 16.45
449.66284375 16.45
449.9171 16.45
450.073734375 16.44
450.16663125 16.44
450.182671875 16.44
449.990228125 16.45
449.798125 16.43
449.72146875 16.43
449.713371875 16.43
449.712809375 16.43
449.712846875 16.43
449.7128375 16.43
