2.306547314453125 10.0
2.3065473388671873 10.0
2.306547314453125 10.0
2.306547265625 10.0
2.30654736328125 10.0
2.3065473388671873 10.0
2.30654736328125 10.0
2.3065473388671873 10.0
2.30654736328125 10.0
2.3065473876953124 10.0
2.306547412109375 10.0
2.3065473876953124 10.0
2.3065473388671873 10.0
2.3065473876953124 10.0
2.3065473876953124 10.0
2.306547509765625 10.0
2.3065473388671873 10.0
2.3065473388671873 10.0
2.3065473876953124 10.0
2.306547412109375 10.0
2.3065472900390627 10.0
2.306547412109375 10.0
2.306547314453125 10.0
2.306547412109375 10.0
2.3065473388671873 10.0
2.30654736328125 10.0
2.3065473876953124 10.0
2.3065474365234375 10.0
2.306547216796875 10.0
2.3065474609375 10.0
