0.1809823471069336 94.51
0.12201324996948242 96.33
0.11315439224243164 96.76
0.1088774673461914 97.11
0.124318603515625 96.75
0.3785767303466797 91.54
0.6185192535400391 88.64
0.8172018432617187 87.41
0.9208420349121094 86.56
1.0196189514160157 85.87
1.0886469482421874 85.31
1.1255341735839843 84.88
1.164411767578125 84.56
1.1907202453613281 84.45
1.2123231567382813 84.24
1.2265825805664063 84.16
1.23670380859375 84.09
1.2430059936523437 84.03
1.2473973205566407 84.03
1.25004033203125 84.04
1.2521530029296875 84.04
1.2536152709960937 84.04
1.2545302612304687 84.04
1.2551561767578125 84.02
1.2554426696777343 84.02
1.2556066772460936 84.02
1.255491259765625 84.03
1.2549426391601564 84.04
1.254463818359375 84.03
1.254149237060547 84.03
