3.58304130859375 72.96
6.495840625 72.45
9.16653525390625 69.79
13.76909609375 54.04
46.07237265625 36.37
77.72465859375 39.3
96.25670234375 40.67
109.34686484375 41.3
116.32604296875 41.73
124.41932265625 42.14
125.94702890625 42.4
126.78452578125 42.52
127.90406484375 42.54
129.53276953125 42.58
130.2937234375 42.61
131.0485578125 42.61
131.429625 42.63
131.60255 42.63
131.76631328125 42.65
131.84761640625 42.66
131.9339125 42.66
131.988909375 42.66
132.0363171875 42.66
132.07860078125 42.65
132.0949046875 42.65
132.0884890625 42.65
132.0788375 42.66
132.06970859375 42.65
132.06119453125 42.65
132.0550125 42.65
