0.16038725738525392 94.95
0.11794205017089844 96.59
0.10555635375976563 96.99
0.10342371444702149 97.36
0.11106792907714844 97.43
2.279615087890625 84.0
1.20482705078125 69.15
1.3662346313476563 65.19
1.470824462890625 62.12
1.529283203125 60.29
1.542254736328125 59.08
1.5290414672851562 58.12
1.6187501953125 58.63
1.6799321899414061 58.5
1.721318798828125 58.28
1.7487577026367187 58.09
1.7656185546875 57.93
1.7779321044921874 57.85
1.7864382568359376 57.82
1.7930216552734375 57.78
1.797159130859375 57.76
1.8004452880859374 57.74
1.8026418823242187 57.74
1.804435595703125 57.74
1.8054616821289062 57.75
1.8062522216796875 57.74
1.8067677368164063 57.74
1.8071858642578125 57.74
1.8074575805664062 57.74
1.807951220703125 57.73
