2.3113242431640626 10.1
2.311324365234375 10.1
2.311324365234375 10.1
2.311324267578125 10.1
2.31132431640625 10.1
2.31132431640625 10.1
2.311324169921875 10.1
2.3113242919921877 10.1
2.3113242431640626 10.1
2.3113243408203124 10.1
2.3113242919921877 10.1
2.3113242919921877 10.1
2.311324267578125 10.1
2.3113242919921877 10.1
2.31132421875 10.1
2.3113241943359375 10.1
2.31132421875 10.1
2.3113242431640626 10.1
2.3113241455078124 10.1
2.311324267578125 10.1
2.31132412109375 10.1
2.31132412109375 10.1
2.3113241943359375 10.1
2.31132431640625 10.1
2.31132421875 10.1
2.31132421875 10.1
2.311324365234375 10.1
2.311324267578125 10.1
2.311324267578125 10.1
2.3113242919921877 10.1
