0.972052734375 62.29
0.9880402221679687 61.8
0.9712976623535157 62.91
1.0243813354492188 62.44
1.0623698852539063 62.04
1.0919799926757812 61.82
1.1143015869140624 61.56
1.1299434631347656 61.42
1.1403436279296875 61.32
1.1483579345703125 61.27
1.1535002319335939 61.28
1.1572408569335937 61.2
1.15986083984375 61.19
1.161695654296875 61.21
1.1630499755859376 61.2
1.1639877685546876 61.2
1.1646693359375 61.2
1.1651474609375 61.21
1.16545712890625 61.2
1.1656632202148438 61.2
1.1658135986328124 61.2
1.165916845703125 61.2
1.1659728149414061 61.2
1.1659963256835937 61.2
1.166014990234375 61.2
1.1660268676757812 61.2
1.1660315551757812 61.2
1.166033984375 61.2
1.1660340576171875 61.2
1.1660340698242186 61.2
