2.3025849609375 10.0
2.3025849609375 10.0
2.3025849609375 10.0
2.3025849609375 10.0
2.3025849609375 10.0
2.3025849609375 10.0
2.3025849609375 10.0
2.3025849609375 10.0
2.3025849609375 10.0
2.3025849609375 10.0
2.3025849609375 10.0
2.3025849609375 10.0
2.3025849609375 10.0
2.3025849609375 10.0
2.3025849609375 10.0
2.3025849609375 10.0
2.3025849609375 10.0
2.3025849609375 10.0
2.3025849609375 10.0
2.3025849609375 10.0
2.3025849609375 10.0
2.3025849609375 10.0
2.3025849609375 10.0
2.3025849609375 10.0
2.3025849609375 10.0
2.3025849609375 10.0
2.3025849609375 10.0
2.3025849609375 10.0
2.3025849609375 10.0
2.3025849609375 10.0
