2.3817440673828125 18.66
2.3817440185546874 18.66
2.381744140625 18.66
2.3817440673828125 18.66
2.381744140625 18.66
2.381744091796875 18.66
2.3817441650390627 18.66
2.3817440185546874 18.66
2.381744091796875 18.66
2.381744091796875 18.66
2.3817441162109376 18.66
2.3817440673828125 18.66
2.3817440673828125 18.66
2.3817441650390627 18.66
2.381744140625 18.66
2.381744091796875 18.66
2.381744189453125 18.66
2.3817441650390627 18.66
2.3817440185546874 18.66
2.381744189453125 18.66
2.3817441162109376 18.66
2.3817441650390627 18.66
2.381744189453125 18.66
2.381744091796875 18.66
2.3817441650390627 18.66
2.3817441650390627 18.66
2.3817441650390627 18.66
2.381744189453125 18.66
2.3817440185546874 18.66
2.38174404296875 18.66
