2.310277978515625 10.32
2.3102780517578125 10.32
2.3102780029296874 10.32
2.310278125 10.32
2.310278125 10.32
2.3102781005859376 10.32
2.3102781494140623 10.32
2.31027802734375 10.32
2.3102780517578125 10.32
2.3102779541015623 10.32
2.310278125 10.32
2.310277978515625 10.32
2.310277978515625 10.32
2.3102779052734377 10.32
2.310278125 10.32
2.3102779296875 10.32
2.3102780029296874 10.32
2.3102781005859376 10.32
2.3102780517578125 10.32
2.310278125 10.32
2.3102781005859376 10.32
2.310278125 10.32
2.3102780517578125 10.32
2.3102779296875 10.32
2.310278076171875 10.32
2.310278076171875 10.32
2.3102781005859376 10.32
2.3102780029296874 10.32
2.310278076171875 10.32
2.3102780517578125 10.32
