70.6125984375 15.0
70.61260078125 15.0
70.61260078125 15.0
70.61260390625 15.0
70.61260078125 15.0
70.6125984375 15.0
70.6126015625 15.0
70.6126 15.0
70.61260234375 15.0
70.612603125 15.0
70.6126015625 15.0
70.61260078125 15.0
70.61260078125 15.0
70.61260078125 15.0
70.61259921875 15.0
70.61260234375 15.0
70.61259765625 15.0
70.6126015625 15.0
70.61260234375 15.0
70.6125984375 15.0
70.61260390625 15.0
70.61259609375 15.0
70.61260078125 15.0
70.6125984375 15.0
70.61259921875 15.0
70.61260234375 15.0
70.612596875 15.0
70.61259921875 15.0
70.61260546875 15.0
70.612596875 15.0
