1.7429313110351563 70.21
1.7798546508789062 70.51
6.84234013671875 70.26
15.7098388671875 70.05
29.6357490234375 69.5
45.23100546875 69.35
58.234491796875 69.26
66.57177109375 69.29
73.32676640625 69.29
79.0401171875 69.24
83.05715859375 69.22
86.0885703125 69.21
87.97280078125 69.22
89.4868984375 69.21
90.4703890625 69.2
91.23586953125 69.2
91.74678359375 69.2
92.08848359375 69.2
92.363178125 69.2
92.56091796875 69.21
92.6988671875 69.21
92.8056671875 69.21
92.879428125 69.21
92.93823984375 69.21
92.98229375 69.21
93.016815625 69.21
93.04460078125 69.21
93.06566640625 69.21
93.08054921875 69.21
93.09096484375 69.21
