88211247543.0912 18.77
70203172349.5424 18.92
62539824103.424 18.9
58234545111.04 18.77
55676627845.12 18.68
54065513889.792 18.64
53058519380.7872 18.65
52421576989.0816 18.6
51978957959.9872 18.62
51654462695.0144 18.6
51437408301.8752 18.6
51291794649.9072 18.58
51231342146.3552 18.59
51190366312.8576 18.59
50801996411.6992 18.59
50300226791.0144 18.59
50120175386.624 18.57
50114517270.528 18.57
50114514753.9456 18.57
50114514334.5152 18.57
50114515592.8064 18.57
50114513495.6544 18.57
50114514753.9456 18.57
50114516012.2368 18.57
50114514334.5152 18.57
50114512237.3632 18.57
50114513915.0848 18.57
50114515592.8064 18.57
50114516431.6672 18.57
50114515173.376 18.57
