0.35752879333496096 90.36
0.3807591217041016 90.46
0.4212506134033203 90.7
0.34838687438964844 90.75
0.33939505310058593 90.85
0.3399580810546875 90.88
0.3387579315185547 90.9
0.3375494018554687 90.9
0.336851042175293 90.87
0.33627137145996094 90.87
0.3360798034667969 90.86
0.335973779296875 90.86
0.3359319122314453 90.86
0.3358718292236328 90.86
0.3358176849365234 90.86
0.33581435546875 90.86
0.3358343536376953 90.86
0.33583272094726563 90.86
0.3358477264404297 90.86
0.3358706359863281 90.85
0.33588941345214846 90.85
0.33591368408203126 90.85
0.33593985290527345 90.85
0.33596163635253906 90.85
0.33598505859375 90.85
0.33600613098144533 90.85
0.3360227935791016 90.85
0.3360377624511719 90.85
0.33604804077148437 90.85
0.33605350646972654 90.85
