0.28687438384890557 92.48
0.2635004126340151 92.48
0.25915274200439453 92.51
0.25771049770116805 92.52
0.25713352321684363 92.53
0.25686240295916796 92.52
0.2567228436991572 92.53
0.25664576313346626 92.53
0.25660082181990146 92.53
0.25657338951677083 92.52
0.2565560539022088 92.53
0.25654479606747627 92.53
0.25653733482956886 92.53
0.2565323179334402 92.54
0.25652890950590373 92.54
0.2565265602827072 92.54
0.2565249617561698 92.54
0.2565238569781184 92.54
0.25652307702302934 92.54
0.2565225781664252 92.54
