2.2656053695678713 11.25
2.2598596557617188 13.21
2.2595656299591065 13.99
2.2595656299591065 13.99
2.2595656299591065 13.99
2.2595656299591065 13.99
2.2595656299591065 13.99
2.2595656299591065 13.99
2.2595656299591065 13.99
2.2595656299591065 13.99
2.2595656299591065 13.99
2.2595656299591065 13.99
2.2595656299591065 13.99
2.2595656299591065 13.99
2.2595656299591065 13.99
2.2595656299591065 13.99
2.2595656299591065 13.99
2.2595656299591065 13.99
2.2595656299591065 13.99
2.2595656299591065 13.99
