2.3289583652496337 10.28
2.3289583652496337 10.28
2.3289583652496337 10.28
2.3289583652496337 10.28
2.3289583652496337 10.28
2.3289583652496337 10.28
2.3289583652496337 10.28
2.3289583652496337 10.28
2.3289583652496337 10.28
2.3289583652496337 10.28
2.3289583652496337 10.28
2.3289583652496337 10.28
2.3289583652496337 10.28
2.3289583652496337 10.28
2.3289583652496337 10.28
2.3289583652496337 10.28
2.3289583652496337 10.28
2.3289583652496337 10.28
2.3289583652496337 10.28
2.3289583652496337 10.28
