2.4136544776916504 10.12
2.4136544776916504 10.12
2.4136544776916504 10.12
2.4136544776916504 10.12
2.4136544776916504 10.12
2.4136544776916504 10.12
2.4136544776916504 10.12
2.4136544776916504 10.12
2.4136544776916504 10.12
2.4136544776916504 10.12
2.4136544776916504 10.12
2.4136544776916504 10.12
2.4136544776916504 10.12
2.4136544776916504 10.12
2.4136544776916504 10.12
2.4136544776916504 10.12
2.4136544776916504 10.12
2.4136544776916504 10.12
2.4136544776916504 10.12
2.4136544776916504 10.12
