2.4039024227142334 10.74
2.4039024227142334 10.74
2.4039024227142334 10.74
2.4039024227142334 10.74
2.4039024227142334 10.74
2.4039024227142334 10.74
2.4039024227142334 10.74
2.4039024227142334 10.74
2.4039024227142334 10.74
2.4039024227142334 10.74
2.4039024227142334 10.74
2.4039024227142334 10.74
2.4039024227142334 10.74
2.4039024227142334 10.74
2.4039024227142334 10.74
2.4039024227142334 10.74
2.4039024227142334 10.74
2.4039024227142334 10.74
2.4039024227142334 10.74
2.4039024227142334 10.74
