0.4592912493944168 88.39
0.44901838517189024 88.38
0.44998778047561644 88.45
0.45161068826913836 88.43
0.4528236699819565 88.42
0.45365669058561325 88.42
0.45422496024370196 88.42
0.45461403595805167 88.42
0.45488174528479575 88.42
0.4550669132649898 88.42
0.45519544259905814 88.42
0.4552849099457264 88.42
0.45534698816537855 88.41
0.45539040261507036 88.41
0.45542075505852697 88.41
0.4554421715915203 88.41
0.45545703244805336 88.41
0.4554675659954548 88.41
0.4554747100532055 88.41
0.4554798604309559 88.41
