2.3536530570983887 17.97
2.3536530570983887 17.97
2.3536530570983887 17.97
2.3536530570983887 17.97
2.3536530570983887 17.97
2.3536530570983887 17.97
2.3536530570983887 17.97
2.3536530570983887 17.97
2.3536530570983887 17.97
2.3536530570983887 17.97
2.3536530570983887 17.97
2.3536530570983887 17.97
2.3536530570983887 17.97
2.3536530570983887 17.97
2.3536530570983887 17.97
2.3536530570983887 17.97
2.3536530570983887 17.97
2.3536530570983887 17.97
2.3536530570983887 17.97
2.3536530570983887 17.97
