1.3920154340744018 61.34
1.3760284509658813 62.54
1.3770143260955812 62.58
1.3770143260955812 62.58
1.3770143260955812 62.58
1.3770143260955812 62.58
1.3770143260955812 62.58
1.3770143260955812 62.58
1.3770143260955812 62.58
1.3770143260955812 62.58
1.3770143260955812 62.58
1.3770143260955812 62.58
1.3770143260955812 62.58
1.3770143260955812 62.58
1.3770143260955812 62.58
1.3770143260955812 62.58
1.3770143260955812 62.58
1.3770143260955812 62.58
1.3770143260955812 62.58
1.3770143260955812 62.58
