2.3041545097351075 11.88
2.3041545097351075 11.88
2.3041545097351075 11.88
2.3041545097351075 11.88
2.3041545097351075 11.88
2.3041545097351075 11.88
2.3041545097351075 11.88
2.3041545097351075 11.88
2.3041545097351075 11.88
2.3041545097351075 11.88
2.3041545097351075 11.88
2.3041545097351075 11.88
2.3041545097351075 11.88
2.3041545097351075 11.88
2.3041545097351075 11.88
2.3041545097351075 11.88
2.3041545097351075 11.88
2.3041545097351075 11.88
2.3041545097351075 11.88
2.3041545097351075 11.88
