2.4039073932647703 10.46
2.4039073932647703 10.46
2.4039073932647703 10.46
2.4039073932647703 10.46
2.4039073932647703 10.46
2.4039073932647703 10.46
2.4039073932647703 10.46
2.4039073932647703 10.46
2.4039073932647703 10.46
2.4039073932647703 10.46
2.4039073932647703 10.46
2.4039073932647703 10.46
2.4039073932647703 10.46
2.4039073932647703 10.46
2.4039073932647703 10.46
2.4039073932647703 10.46
2.4039073932647703 10.46
2.4039073932647703 10.46
2.4039073932647703 10.46
2.4039073932647703 10.46
