2.3284175132751463 10.28
2.3284175132751463 10.28
2.3284175132751463 10.28
2.3284175132751463 10.28
2.3284175132751463 10.28
2.3284175132751463 10.28
2.3284175132751463 10.28
2.3284175132751463 10.28
2.3284175132751463 10.28
2.3284175132751463 10.28
2.3284175132751463 10.28
2.3284175132751463 10.28
2.3284175132751463 10.28
2.3284175132751463 10.28
2.3284175132751463 10.28
2.3284175132751463 10.28
2.3284175132751463 10.28
2.3284175132751463 10.28
2.3284175132751463 10.28
2.3284175132751463 10.28
