2.4307644664764405 10.13
2.4307644664764405 10.13
2.4307644664764405 10.13
2.4307644664764405 10.13
2.4307644664764405 10.13
2.4307644664764405 10.13
2.4307644664764405 10.13
2.4307644664764405 10.13
2.4307644664764405 10.13
2.4307644664764405 10.13
2.4307644664764405 10.13
2.4307644664764405 10.13
2.4307644664764405 10.13
2.4307644664764405 10.13
2.4307644664764405 10.13
2.4307644664764405 10.13
2.4307644664764405 10.13
2.4307644664764405 10.13
2.4307644664764405 10.13
2.4307644664764405 10.13
