2.2998626770019532 16.89
2.2998626770019532 16.89
2.2998626770019532 16.89
2.2998626770019532 16.89
2.2998626770019532 16.89
2.2998626770019532 16.89
2.2998626770019532 16.89
2.2998626770019532 16.89
2.2998626770019532 16.89
2.2998626770019532 16.89
2.2998626770019532 16.89
2.2998626770019532 16.89
2.2998626770019532 16.89
2.2998626770019532 16.89
2.2998626770019532 16.89
2.2998626770019532 16.89
2.2998626770019532 16.89
2.2998626770019532 16.89
2.2998626770019532 16.89
2.2998626770019532 16.89
