2.2897394359588623 12.51
2.2897394359588623 12.51
2.2897394359588623 12.51
2.2897394359588623 12.51
2.2897394359588623 12.51
2.2897394359588623 12.51
2.2897394359588623 12.51
2.2897394359588623 12.51
2.2897394359588623 12.51
2.2897394359588623 12.51
2.2897394359588623 12.51
2.2897394359588623 12.51
2.2897394359588623 12.51
2.2897394359588623 12.51
2.2897394359588623 12.51
2.2897394359588623 12.51
2.2897394359588623 12.51
2.2897394359588623 12.51
2.2897394359588623 12.51
2.2897394359588623 12.51
