2.3070864894866943 16.19
2.3070864894866943 16.19
2.3070864894866943 16.19
2.3070864894866943 16.19
2.3070864894866943 16.19
2.3070864894866943 16.19
2.3070864894866943 16.19
2.3070864894866943 16.19
2.3070864894866943 16.19
2.3070864894866943 16.19
2.3070864894866943 16.19
2.3070864894866943 16.19
2.3070864894866943 16.19
2.3070864894866943 16.19
2.3070864894866943 16.19
2.3070864894866943 16.19
2.3070864894866943 16.19
2.3070864894866943 16.19
2.3070864894866943 16.19
2.3070864894866943 16.19
