314.79019838053387 52.09166666666667
2531.7384604817707 52.045
6523.1756466145835 52.015
11137.796080598959 51.99333333333333
15563.159534375 51.99166666666667
19397.673743229167 51.986666666666665
22495.909829166667 51.983333333333334
24857.968858333334 51.98
26606.1121625 51.98166666666667
27865.347027083335 51.983333333333334
28792.454310416666 51.98166666666667
29450.432601041666 51.98
29910.689519270833 51.97833333333333
30231.0852875 51.97833333333333
30459.205378125 51.97833333333333
30626.910666666667 51.97833333333333
30741.148209895833 51.97833333333333
30823.237167708332 51.97833333333333
30879.427873958335 51.97833333333333
30918.39018125 51.97833333333333
30946.251886458333 51.97833333333333
30965.585289583334 51.97833333333333
30978.82570625 51.97833333333333
30988.50118125 51.97833333333333
30995.26771875 51.97833333333333
30999.838432291668 51.97833333333333
31001.734345833334 51.97833333333333
31002.575902083332 51.97833333333333
31002.9480125 51.97833333333333
31003.044336458333 51.97833333333333
