1.151789907836914 62.87
1.3805296272913614 55.47833333333333
1.4272001303990682 57.038333333333334
1.4639231604894003 57.86
1.4830947955449423 57.47833333333333
1.4932422658284505 57.30833333333333
1.4994185665766397 57.765
1.5052798772176106 57.736666666666665
1.5089288789749145 57.945
1.5116931988398234 57.76166666666666
1.5130809176127116 57.81
1.5145214530309041 57.69166666666667
1.515388980547587 57.77166666666667
1.5163261360804239 57.70166666666667
1.5167763306935629 57.715
1.5170618569056193 57.74333333333333
1.5172966967900594 57.755
1.517457056681315 57.763333333333335
1.5175788183848062 57.755
1.5176655259450276 57.75333333333333
1.5177251669565837 57.751666666666665
1.5177467545191448 57.73833333333334
1.5177770005544027 57.73833333333334
1.5178021260579426 57.721666666666664
1.51780729414622 57.7
1.5178318181355794 57.70333333333333
1.5178488167444866 57.7
1.5178639766057331 57.69833333333333
1.5178750949859618 57.68833333333333
1.5178806783358256 57.68333333333333
