2.315352474975586 10.0
2.315352479807536 10.0
2.315352470779419 10.0
2.315352478281657 10.0
2.3153524754842123 10.0
2.3153524792989093 10.0
2.315352466583252 10.0
2.3153524761199953 10.0
2.315352473195394 10.0
2.3153524655659994 10.0
2.315352475611369 10.0
2.315352475611369 10.0
2.3153524709065754 10.0
2.315352468744914 10.0
2.3153524715423583 10.0
2.3153524812062583 10.0
2.315352474339803 10.0
2.3153524706522624 10.0
2.315352479807536 10.0
2.315352474721273 10.0
2.31535247408549 10.0
2.3153524831136068 10.0
2.3153524779001873 10.0
2.3153524768829348 10.0
2.31535246925354 10.0
2.3153524795532228 10.0
2.315352477645874 10.0
2.315352475865682 10.0
2.3153524785359703 10.0
2.3153524684906004 10.0
