1850.1264040364583 10.0
3670.7481268229167 10.0
4932.0925825520835 10.0
5807.87670625 10.0
6422.216409895834 10.0
6854.130566145834 10.0
7150.173377083333 10.0
7359.7439872395835 10.0
7505.409738020833 10.0
7610.305930729167 10.0
7684.031249479167 10.0
7734.317936458333 10.0
7769.9246796875 10.0
7794.696392447917 10.0
7812.32308828125 10.0
7824.651931510417 10.0
7833.365006510417 10.0
7839.472001041667 10.0
7843.618573697917 10.0
7846.501729166666 10.0
7848.5189640625 10.0
7849.919244270834 10.0
7850.916279166667 10.0
7851.592919791667 10.0
7852.0052234375 10.0
7852.21566875 10.0
7852.244563020833 10.0
7852.24463125 10.0
7852.2446421875 10.0
7852.244633854167 10.0
