2.3007985246022544 13.116666666666667
2.3007985226949055 13.116666666666667
2.300798518625895 13.116666666666667
2.3007985209147135 13.116666666666667
2.300798527654012 13.116666666666667
2.3007985246022544 13.116666666666667
2.3007985226949055 13.116666666666667
2.300798523839315 13.116666666666667
2.30079851659139 13.116666666666667
2.3007985169728595 13.116666666666667
2.300798527654012 13.116666666666667
2.300798516845703 13.116666666666667
2.30079851620992 13.116666666666667
2.300798527399699 13.116666666666667
2.300798513285319 13.116666666666667
2.300798516337077 13.116666666666667
2.300798515446981 13.116666666666667
2.300798511123657 13.116666666666667
2.300798525238037 13.116666666666667
2.300798518117269 13.116666666666667
2.3007985164642335 13.116666666666667
2.3007985209147135 13.116666666666667
2.300798523712158 13.116666666666667
2.300798526128133 13.116666666666667
2.300798518371582 13.116666666666667
2.3007985206604005 13.116666666666667
2.3007985171000165 13.116666666666667
2.300798513921102 13.116666666666667
2.3007985215504965 13.116666666666667
2.300798519261678 13.116666666666667
