0.8684541427930196 82.28666666666666
0.4213721595406532 88.775
0.68576836643219 79.65
0.6792272602081298 83.17666666666666
0.7048352192401885 84.10166666666667
0.7759302301406861 82.64833333333333
0.864630579662323 80.41333333333333
0.8996796427249908 80.14
0.9460516064167023 79.36333333333333
1.006702426926295 77.99833333333333
1.0594156560262045 76.91166666666666
1.1019547062238058 76.06666666666666
1.1239824456532796 75.615
1.1445068435351053 75.22666666666667
1.1605266125996907 74.925
1.1725565682411194 74.66
1.1827545323689779 74.47666666666667
1.189653912003835 74.34833333333333
1.1943564340909323 74.235
1.1982312114715576 74.14333333333333
1.2006497376759846 74.08333333333333
1.2025005940119426 74.05333333333333
1.203741443125407 74.02833333333334
1.2045995604832966 74.01333333333334
1.2052446307500204 74.00333333333333
1.2057845605214437 73.985
1.2063918287595112 73.96666666666667
1.2068311646461487 73.95333333333333
1.2071300587336222 73.94
1.2073365977287291 73.93333333333334
