4.765351958147685 82.14666666666666
4.650477105442683 85.18
3.0566875647862752 78.43833333333333
1.781909792582194 71.30666666666667
1.2597173177719116 61.42333333333333
1.34384959564209 59.968333333333334
1.5429687271753947 52.556666666666665
1.590886062749227 46.96333333333333
1.5765138322830201 48.72833333333333
1.619660875384013 46.60166666666667
1.6502128809611003 45.08166666666666
1.6685098335266113 44.111666666666665
1.6793681805292766 43.598333333333336
1.6862848414738973 43.193333333333335
1.6909548042933147 42.928333333333335
1.6943750450134278 42.775
1.69673707224528 42.66833333333334
1.6985046801884969 42.59166666666667
1.6996734866460164 42.54
1.700503049214681 42.485
1.7010689568837483 42.44833333333333
1.7014562182108561 42.431666666666665
1.7017515737533568 42.42166666666667
1.7019308739980061 42.41166666666667
1.7020992671966553 42.40833333333333
1.7022369087219238 42.403333333333336
1.702358161608378 42.401666666666664
1.702454514757792 42.39833333333333
1.7025370936075845 42.39333333333333
1.7025888247172039 42.391666666666666
