6.2896442782084145 12.616666666666667
8.01412120513916 12.613333333333333
8.284681864420573 12.606666666666667
8.31192571436564 12.605
8.101473921966553 12.605
7.809013600921631 12.606666666666667
7.639275478617351 12.603333333333333
7.572529061889648 12.606666666666667
7.5053201662699385 12.608333333333333
7.496547659810384 12.608333333333333
7.4426113194783525 12.606666666666667
7.400623246256511 12.61
7.374022131601969 12.608333333333333
7.3572503934224445 12.61
7.348325900777181 12.61
7.340601613108317 12.608333333333333
7.336166727193197 12.606666666666667
7.330855803171794 12.605
7.329327619425456 12.605
7.327869916025797 12.605
7.326304585520426 12.605
7.325847106170654 12.605
7.325277022298177 12.605
7.324865605417887 12.605
7.324706173451742 12.605
7.324245534769694 12.605
7.32390129292806 12.605
7.323684892527262 12.605
7.323512408447265 12.605
7.3233744817097985 12.605
