0.9578131768544514 67.44666666666667
0.9712837155977885 69.26833333333333
2.9742247829437254 55.403333333333336
8.754453885904947 45.23833333333334
14.273429461924236 42.51833333333333
18.75938227895101 41.46333333333333
21.779689438883462 40.98833333333334
23.94922758331299 40.733333333333334
25.539570929463704 40.525
26.69123165283203 40.43833333333333
27.55087036895752 40.38
28.164196844482422 40.32833333333333
28.601452354939777 40.29666666666667
28.888270689900715 40.26833333333333
29.096621200052898 40.24
29.256142059326173 40.22666666666667
29.356773281351725 40.218333333333334
29.425607147725422 40.208333333333336
29.47605469156901 40.21
29.512036399841307 40.208333333333336
29.537837612915038 40.205
29.5540867477417 40.20333333333333
29.566219601949054 40.20166666666667
29.57393755086263 40.20166666666667
29.577829588063558 40.20166666666667
29.579863412475586 40.20166666666667
29.579344709777832 40.20166666666667
29.57815749460856 40.20166666666667
29.577316638183593 40.20166666666667
29.576716119384766 40.20333333333333
