543.1287176269532 65.965
8646.393747395834 65.92666666666666
22564.926657291668 65.91833333333334
37700.98266666666 65.92166666666667
51542.5593 65.92333333333333
63015.79215833333 65.92166666666667
72055.02952083333 65.92
79181.51660833333 65.92
84401.15123541666 65.92
88244.62949791667 65.92
90903.36370208333 65.92
92759.592575 65.92
94092.70928333333 65.92
95034.56889791667 65.92
95681.83478333334 65.92
96153.16748125 65.92
96491.59529583334 65.92
96732.31350416667 65.92
96898.66876666667 65.92
97012.94103125 65.92
97091.37969791667 65.92
97147.4533 65.92
97186.03660833334 65.92
97212.90596666667 65.92
97232.75061458333 65.92
97244.563875 65.92
97250.580625 65.92
97253.23972083333 65.92
97254.2385875 65.92
97254.53119791667 65.92
