0.8187872931162516 73.05666666666667
0.8188639444986979 73.05666666666667
0.8188639455159505 73.05666666666667
0.818863945198059 73.05666666666667
0.8188639479955038 73.05666666666667
0.8188639440218608 73.05666666666667
0.8188639431317647 73.05666666666667
0.8188639444351197 73.05666666666667
0.818863945198059 73.05666666666667
0.8188639444351197 73.05666666666667
0.8188639448801677 73.05666666666667
0.818863945420583 73.05666666666667
0.818863945420583 73.05666666666667
0.8188639473597209 73.05666666666667
0.8188639450391134 73.05666666666667
0.8188639457066854 73.05666666666667
0.818863950252533 73.05666666666667
0.8188639479001363 73.05666666666667
0.818863944975535 73.05666666666667
0.8188639447212219 73.05666666666667
0.8188639457384745 73.05666666666667
0.8188639462788899 73.05666666666667
0.8188639469146729 73.05666666666667
0.8188639444669088 73.05666666666667
0.8188639453570048 73.05666666666667
0.8188639479955038 73.05666666666667
0.8188639459927877 73.05666666666667
0.818863946501414 73.05666666666667
0.8188639459292094 73.05666666666667
0.8188639435768127 73.05666666666667
