6.711496713058154 88.04666666666667
20.19674538421631 74.14833333333333
11.924857776439563 89.33666666666667
34.94391157201131 89.38
62.14650971477032 89.38666666666667
88.11388633931477 89.40333333333334
110.70690793627028 89.42333333333333
128.21160784617066 89.42833333333333
141.6544283448506 89.43
151.9075514170329 89.435
159.46879484761556 89.43666666666667
164.72750924072267 89.43666666666667
168.46509950154623 89.43833333333333
171.13209727783203 89.43833333333333
173.0675081217448 89.43833333333333
174.39477398529053 89.43666666666667
175.32950013631185 89.43833333333333
176.00112883504232 89.43833333333333
176.48040191809335 89.43833333333333
176.81586466649372 89.43833333333333
177.03990232137045 89.43833333333333
177.19560597972472 89.43833333333333
177.3084124165853 89.43833333333333
177.38851142889658 89.43833333333333
177.44332409261068 89.43833333333333
177.48226809590656 89.43833333333333
177.50993960062664 89.43833333333333
177.5286353861491 89.43833333333333
177.54193756306967 89.43833333333333
177.54927756754557 89.43833333333333
