nan 9.871666666666666
nan 9.871666666666666
nan 9.871666666666666
nan 9.871666666666666
nan 9.871666666666666
nan 9.871666666666666
nan 9.871666666666666
nan 9.871666666666666
nan 9.871666666666666
nan 9.871666666666666
nan 9.871666666666666
nan 9.871666666666666
nan 9.871666666666666
nan 9.871666666666666
nan 9.871666666666666
nan 9.871666666666666
nan 9.871666666666666
nan 9.871666666666666
nan 9.871666666666666
nan 9.871666666666666
nan 9.871666666666666
nan 9.871666666666666
nan 9.871666666666666
nan 9.871666666666666
nan 9.871666666666666
nan 9.871666666666666
nan 9.871666666666666
nan 9.871666666666666
nan 9.871666666666666
nan 9.871666666666666
