2.879099250411987 86.11
34.53154118347168 87.315
90.41384899291992 87.31666666666666
152.223391800944 87.315
210.24118852945963 87.31166666666667
258.3560090820313 87.31333333333333
296.54707877604164 87.30666666666667
325.702250374349 87.30666666666667
346.4317952351888 87.30666666666667
361.34382365722655 87.30666666666667
372.36811423746747 87.30833333333334
380.3408983968099 87.31
385.751343351237 87.31
389.5093835489909 87.31
392.2157950927734 87.31
394.13474853515623 87.31
395.45663689778644 87.31
396.3967687011719 87.31
397.05848747558593 87.31
397.51632496744793 87.31
397.84340739339194 87.31
398.0727457336426 87.31
398.2296754720052 87.31
398.34055795084635 87.31
398.4167706848145 87.31
398.4731888366699 87.31
398.5110125895182 87.31
398.5343034871419 87.31
398.54760486246744 87.31
398.5535905843099 87.31
