1841906.8281 18.696666666666665
23316671.571866665 18.553333333333335
84704036.85866667 18.533333333333335
161250705.68106666 18.661666666666665
224291453.41866666 18.638333333333332
262679417.7408 18.64666666666667
280510578.17226666 18.573333333333334
288473582.7712 18.575
290678392.40106666 18.575
290640816.79786664 18.576666666666668
289616416.47573334 18.576666666666668
288060282.3936 18.575
286859981.39306664 18.573333333333334
285723791.1808 18.571666666666665
285027439.3237333 18.573333333333334
284518470.5536 18.573333333333334
284129112.32 18.573333333333334
283873037.84106666 18.573333333333334
283683342.3189333 18.573333333333334
283549409.728 18.575
283455193.73226666 18.575
283365397.16693336 18.575
283302458.43626666 18.575
283249526.2432 18.575
283219449.0538667 18.575
283193206.1781333 18.576666666666668
283158264.416 18.576666666666668
283125966.9248 18.576666666666668
283100934.66026664 18.576666666666668
283082944.36266667 18.576666666666668
