2.34166945699056 8.233333333333333
2.341669457244873 8.233333333333333
2.341669448471069 8.233333333333333
2.34166944732666 8.233333333333333
2.3416694459279377 8.233333333333333
2.3416694426218667 8.233333333333333
2.3416694441477457 8.233333333333333
2.3416694585164386 8.233333333333333
2.3416694501241047 8.233333333333333
2.34166945215861 8.233333333333333
2.341669447072347 8.233333333333333
2.341669442240397 8.233333333333333
2.341669449488322 8.233333333333333
2.3416694544474286 8.233333333333333
2.3416694505055746 8.233333333333333
2.341669451522827 8.233333333333333
2.3416694438934327 8.233333333333333
2.3416694511413576 8.233333333333333
2.3416694544474286 8.233333333333333
2.341669445292155 8.233333333333333
2.3416694496154786 8.233333333333333
2.341669444656372 8.233333333333333
2.3416694558461506 8.233333333333333
2.3416694580078126 8.233333333333333
2.3416694450378417 8.233333333333333
2.341669449106852 8.233333333333333
2.341669455464681 8.233333333333333
2.3416694477081297 8.233333333333333
2.341669457880656 8.233333333333333
2.34166945177714 8.233333333333333
