1.1056987368265787 77.69666666666667
0.8669906769752502 80.43166666666667
1.086896118593216 80.385
1.7264990429878235 80.235
2.380361732673645 80.095
2.95666887588501 79.99833333333333
3.4136693290710447 79.94333333333333
3.784005916213989 79.895
4.05493417078654 79.86
4.261021913655599 79.825
4.3999650159835815 79.81666666666666
4.505012424914042 79.81
4.5772851934432985 79.80166666666666
4.630099916330973 79.79666666666667
4.666263208134969 79.8
4.691570416895549 79.79833333333333
4.70960435663859 79.79666666666667
4.722039956156412 79.79666666666667
4.730989383252462 79.79666666666667
4.73732184899648 79.79666666666667
4.7417867989858 79.79833333333333
4.744876763343811 79.79833333333333
4.746986799748739 79.79833333333333
4.748559292427699 79.79833333333333
4.749589570808411 79.79833333333333
4.750324351819356 79.79833333333333
4.750837500127156 79.79833333333333
4.751194953473409 79.79833333333333
4.751439843050639 79.79833333333333
4.75160866877238 79.79833333333333
