163413.8211375 47.90833333333333
2266693.9982 47.88333333333333
4611876.019333334 47.901666666666664
6558007.373333333 47.901666666666664
8185188.588 47.9
9451374.946933333 47.9
10374089.387733333 47.89833333333333
11086135.1696 47.9
11584642.7204 47.89833333333333
11954967.3184 47.89833333333333
12217259.593066666 47.89666666666667
12398446.783466667 47.89666666666667
12530480.026666667 47.89666666666667
12619232.200533334 47.89833333333333
12682572.925866667 47.89666666666667
12727241.717333334 47.89666666666667
12759034.3312 47.89666666666667
12780718.934933333 47.89666666666667
12795944.679466667 47.89666666666667
12806295.416533334 47.89666666666667
12813465.6272 47.89666666666667
12818525.586666666 47.89666666666667
12821883.139733333 47.89666666666667
12824155.8192 47.89666666666667
12825699.055466667 47.89666666666667
12826798.988266667 47.89666666666667
12827409.164266666 47.89666666666667
12827610.4464 47.89666666666667
12827656.378133334 47.89666666666667
12827658.794666667 47.89666666666667
