0.4484694107373555 89.80166666666666
0.332210529790322 91.68333333333334
0.33060029071966807 91.77333333333333
0.33060028893550236 91.77333333333333
0.33060029210646946 91.77333333333333
0.3306002896507581 91.77333333333333
0.33060028931498525 91.77333333333333
0.33060028709371886 91.77333333333333
0.33060028999050456 91.77333333333333
0.33060029078722 91.77333333333333
0.3306002864311139 91.77333333333333
0.3306002882361412 91.77333333333333
0.33060029072165487 91.77333333333333
0.3306002880861362 91.77333333333333
0.3306002917011579 91.77333333333333
0.3306002886434396 91.77333333333333
0.330600290197134 91.77333333333333
0.3306002875347932 91.77333333333333
0.3306002890388171 91.77333333333333
0.33060028863549235 91.77333333333333
0.33060028907358646 91.77333333333333
0.33060028791675966 91.77333333333333
0.33060028858681517 91.77333333333333
0.3306002895673116 91.77333333333333
0.33060029032031696 91.77333333333333
0.3306002880791823 91.77333333333333
0.3306002902050813 91.77333333333333
0.33060029027660687 91.77333333333333
0.3306002891778946 91.77333333333333
0.33060028819243115 91.77333333333333
