2.3055446769714356 9.871666666666666
2.3055446818033856 9.871666666666666
2.3055446823120116 9.871666666666666
2.305544675954183 9.871666666666666
2.3055446767171226 9.871666666666666
2.305544686126709 9.871666666666666
2.305544681549072 9.871666666666666
2.305544683456421 9.871666666666666
2.3055446787516276 9.871666666666666
2.3055446745554606 9.871666666666666
2.3055446734110516 9.871666666666666
2.3055446802775066 9.871666666666666
2.305544681549072 9.871666666666666
2.30554467493693 9.871666666666666
2.3055446787516276 9.871666666666666
2.305544682566325 9.871666666666666
2.3055446859995525 9.871666666666666
2.305544672648112 9.871666666666666
2.305544676462809 9.871666666666666
2.3055446835835776 9.871666666666666
2.3055446842193605 9.871666666666666
2.305544681294759 9.871666666666666
2.3055446756998697 9.871666666666666
2.305544684346517 9.871666666666666
2.30554467976888 9.871666666666666
2.3055446805318196 9.871666666666666
2.30554467493693 9.871666666666666
2.3055446796417236 9.871666666666666
2.3055446774800616 9.871666666666666
2.3055446798960366 9.871666666666666
