2.3696350905100503 9.878333333333334
2.369635096613566 9.878333333333334
2.369635098139445 9.878333333333334
2.3696351051330566 9.878333333333334
2.3696350927988687 9.878333333333334
2.3696350947062172 9.878333333333334
2.3696350955963137 9.878333333333334
2.3696350908915202 9.878333333333334
2.3696350929260253 9.878333333333334
2.369635094197591 9.878333333333334
2.3696350922902427 9.878333333333334
2.3696350949605307 9.878333333333334
2.369635102208455 9.878333333333334
2.369635099919637 9.878333333333334
2.369635087076823 9.878333333333334
2.3696351015726727 9.878333333333334
2.3696350926717122 9.878333333333334
2.369635093943278 9.878333333333334
2.3696350985209147 9.878333333333334
2.369635099538167 9.878333333333334
2.369635098902384 9.878333333333334
2.3696350976308187 9.878333333333334
2.369635100809733 9.878333333333334
2.3696350973765057 9.878333333333334
2.3696350919087728 9.878333333333334
2.369635101445516 9.878333333333334
2.3696351003011067 9.878333333333334
2.3696350969950357 9.878333333333334
2.3696350952148437 9.878333333333334
2.369635096613566 9.878333333333334
