2.3025851249694824 9.871666666666666
2.3025851249694824 9.871666666666666
2.3025851249694824 9.871666666666666
2.3025851249694824 9.871666666666666
2.3025851249694824 9.871666666666666
2.3025851249694824 9.871666666666666
2.3025851249694824 9.871666666666666
2.3025851249694824 9.871666666666666
2.3025851249694824 9.871666666666666
2.3025851249694824 9.871666666666666
2.3025851249694824 9.871666666666666
2.3025851249694824 9.871666666666666
2.3025851249694824 9.871666666666666
2.3025851249694824 9.871666666666666
2.3025851249694824 9.871666666666666
2.3025851249694824 9.871666666666666
2.3025851249694824 9.871666666666666
2.3025851249694824 9.871666666666666
2.3025851249694824 9.871666666666666
2.3025851249694824 9.871666666666666
2.3025851249694824 9.871666666666666
2.3025851249694824 9.871666666666666
2.3025851249694824 9.871666666666666
2.3025851249694824 9.871666666666666
2.3025851249694824 9.871666666666666
2.3025851249694824 9.871666666666666
2.3025851249694824 9.871666666666666
2.3025851249694824 9.871666666666666
2.3025851249694824 9.871666666666666
2.3025851249694824 9.871666666666666
