201.5958179361979 8.626666666666667
201.59581848958334 8.626666666666667
201.5958174153646 8.626666666666667
201.59581740722658 8.626666666666667
201.59581810709636 8.626666666666667
201.59581767578126 8.626666666666667
201.59581844889323 8.626666666666667
201.59581805013022 8.626666666666667
201.59581822102865 8.626666666666667
201.59581841634113 8.626666666666667
201.59581770833333 8.626666666666667
201.59581782226562 8.626666666666667
201.5958182861328 8.626666666666667
201.59581746419272 8.626666666666667
201.59581848144532 8.626666666666667
201.59581861165364 8.626666666666667
201.59581803385416 8.626666666666667
201.59581795247396 8.626666666666667
201.59581865234375 8.626666666666667
201.59581787109374 8.626666666666667
201.59581799316408 8.626666666666667
201.59581778157553 8.626666666666667
201.59581810709636 8.626666666666667
201.59581789550782 8.626666666666667
201.59581829427083 8.626666666666667
201.59581787923176 8.626666666666667
201.59581801757813 8.626666666666667
201.59581760253906 8.626666666666667
201.59581758626302 8.626666666666667
201.59581780598958 8.626666666666667
