2.3861763271331786 10.273333333333333
2.3861763385772705 10.273333333333333
2.3861763235727946 10.273333333333333
2.386176328531901 10.273333333333333
2.3861763304392496 10.273333333333333
2.3861763271331786 10.273333333333333
2.3861763319651286 10.273333333333333
2.386176337560018 10.273333333333333
2.386176329421997 10.273333333333333
2.386176338195801 10.273333333333333
2.386176327006022 10.273333333333333
2.386176331456502 10.273333333333333
2.3861763275146486 10.273333333333333
2.386176336669922 10.273333333333333
2.3861763317108156 10.273333333333333
2.3861763370513915 10.273333333333333
2.3861763383229575 10.273333333333333
2.38617632967631 10.273333333333333
2.3861763341267905 10.273333333333333
2.3861763322194416 10.273333333333333
2.3861763271331786 10.273333333333333
2.3861763259887696 10.273333333333333
2.386176322174072 10.273333333333333
2.386176336669922 10.273333333333333
2.3861763253529866 10.273333333333333
2.3861763328552246 10.273333333333333
2.3861763308207196 10.273333333333333
2.3861763331095376 10.273333333333333
2.3861763331095376 10.273333333333333
2.3861763370513915 10.273333333333333
