0.5843770638783773 80.365
0.5621578228632609 80.75833333333334
0.5543147366841634 80.565
0.5607673023223877 80.06
0.5629045358022055 79.80166666666666
0.5654582132180532 79.65166666666667
0.5650965412139892 79.725
0.5658880813439687 79.695
0.5660936914761862 79.66333333333333
0.5663525863170624 79.69666666666667
0.5665417282422384 79.68833333333333
0.566645548137029 79.705
0.5667162222226461 79.705
0.5667852915445963 79.69
0.5668194487571716 79.67833333333333
0.5668642026265462 79.67833333333333
0.5668770374933878 79.685
0.5669004170735678 79.68166666666667
0.566908865737915 79.68166666666667
0.5669144200166066 79.68333333333334
0.5669186517715454 79.68166666666667
0.566922914425532 79.68
0.5669259042421977 79.68
0.5669287619908651 79.68
0.5669301815668741 79.67833333333333
0.566931762266159 79.67833333333333
0.5669330513954163 79.67833333333333
0.5669335096359253 79.67833333333333
0.5669340216795603 79.67833333333333
0.5669342283248902 79.67833333333333
