3.341851436106364 10.536666666666667
3.3418514362335205 10.536666666666667
3.341851436360677 10.536666666666667
3.341851434326172 10.536666666666667
3.341851432418823 10.536666666666667
3.341851441192627 10.536666666666667
3.3418514380137125 10.536666666666667
3.341851440811157 10.536666666666667
3.3418514472961425 10.536666666666667
3.3418514472961425 10.536666666666667
3.341851430002848 10.536666666666667
3.341851426188151 10.536666666666667
3.34185144182841 10.536666666666667
3.341851437250773 10.536666666666667
3.341851441701253 10.536666666666667
3.3418514377593995 10.536666666666667
3.3418514292399086 10.536666666666667
3.3418514406840005 10.536666666666667
3.3418514338175456 10.536666666666667
3.341851426823934 10.536666666666667
3.3418514455159505 10.536666666666667
3.341851446914673 10.536666666666667
3.34185143661499 10.536666666666667
3.341851431274414 10.536666666666667
3.3418514320373536 10.536666666666667
3.3418514422098795 10.536666666666667
3.341851425933838 10.536666666666667
3.3418514274597166 10.536666666666667
3.341851434580485 10.536666666666667
3.3418514358520506 10.536666666666667
