1.0908235192224116e+16 15.553333333333333
3.0632317985497254e+17 15.54
7.649684807513804e+17 15.53
1.0624074743735114e+18 15.523333333333333
1.2282949948167055e+18 15.523333333333333
1.3274913424415263e+18 15.525
1.3897071134878326e+18 15.528333333333334
1.4321471475617974e+18 15.528333333333334
1.4612146648126385e+18 15.526666666666667
1.481198421468472e+18 15.526666666666667
1.4949514079443144e+18 15.526666666666667
1.5045570262247762e+18 15.526666666666667
1.5113118819939825e+18 15.526666666666667
1.5159990685805087e+18 15.526666666666667
1.519370376070286e+18 15.526666666666667
1.5216963611796106e+18 15.526666666666667
1.523349287062964e+18 15.526666666666667
1.5245234295084908e+18 15.526666666666667
1.5252565354100795e+18 15.526666666666667
1.525800241857593e+18 15.526666666666667
1.5261679414157632e+18 15.526666666666667
1.5264133724954952e+18 15.526666666666667
1.526586729122011e+18 15.526666666666667
1.526598832106205e+18 15.526666666666667
1.5265990442386483e+18 15.526666666666667
1.5265990465842732e+18 15.526666666666667
1.5265990447517537e+18 15.526666666666667
1.526599042039625e+18 15.526666666666667
1.5265990473172808e+18 15.526666666666667
1.5265990473172808e+18 15.526666666666667
