2.3063323830922444 12.601666666666667
2.306332384109497 12.601666666666667
2.306332390467326 12.601666666666667
2.3063323833465574 12.601666666666667
2.3063323921203613 12.601666666666667
2.306332382074992 12.601666666666667
2.3063323875427244 12.601666666666667
2.306332392247518 12.601666666666667
2.3063323837280274 12.601666666666667
2.306332374827067 12.601666666666667
2.3063323857625324 12.601666666666667
2.306332382583618 12.601666666666667
2.3063323867797854 12.601666666666667
2.3063323888142904 12.601666666666667
2.3063323749542235 12.601666666666667
2.3063323786417644 12.601666666666667
2.3063323888142904 12.601666666666667
2.306332377878825 12.601666666666667
2.3063323822021484 12.601666666666667
2.306332385635376 12.601666666666667
2.306332377878825 12.601666666666667
2.3063323837280274 12.601666666666667
2.3063323828379314 12.601666666666667
2.306332373936971 12.601666666666667
2.3063323905944824 12.601666666666667
2.3063323810577394 12.601666666666667
2.306332388051351 12.601666666666667
2.306332388687134 12.601666666666667
2.306332378768921 12.601666666666667
2.306332390721639 12.601666666666667
