34.590348142496744 65.06333333333333
101.07770380249023 65.01
180.59655821533204 64.96666666666667
254.59980852864584 64.95833333333333
314.75167681477865 64.93166666666667
362.7078117919922 64.93666666666667
398.2609560872396 64.93166666666667
424.6111690104167 64.92166666666667
443.6879076497396 64.92166666666667
457.76493442382815 64.91333333333333
467.44073400065105 64.91
474.4311674153646 64.90833333333333
479.402387906901 64.91
482.957864436849 64.90666666666667
485.37202658691405 64.90666666666667
487.0404585611979 64.90666666666667
488.24961516927084 64.90666666666667
489.0809551920573 64.90666666666667
489.6841589192708 64.90666666666667
490.1092454752604 64.90666666666667
490.40526458333335 64.90666666666667
490.6067122802734 64.90666666666667
490.7512814778646 64.90666666666667
490.85182841796876 64.90666666666667
490.9211033691406 64.90666666666667
490.96896717122394 64.90666666666667
491.0030762695313 64.90666666666667
491.02555353190104 64.90666666666667
491.03450555013023 64.90666666666667
491.03722778320315 64.90666666666667
