0.9076938334782918 71.86
0.9683761143048605 69.765
1.0158954539299012 69.77333333333333
0.9836093064943949 69.96833333333333
1.0000526755650838 69.56666666666666
1.0107568080584208 69.48
1.0174860971450805 69.37666666666667
1.0241803759256998 69.31666666666666
1.0249357368151346 69.28
1.0270548626263936 69.245
1.0291031050364177 69.25
1.0289924759546916 69.23166666666667
1.030941087849935 69.24
1.0293611028671266 69.19333333333333
1.0301029007593792 69.2
1.0304635513305664 69.19833333333334
1.0306810745239259 69.205
1.030783355585734 69.19833333333334
1.0309007554372152 69.20166666666667
1.0309334996541342 69.2
1.030966507466634 69.19833333333334
1.0309759223937989 69.19833333333334
1.030973531150818 69.19333333333333
1.0309633867263794 69.195
1.0309215682347617 69.18833333333333
1.0308970643997193 69.19333333333333
1.0308724429766336 69.18833333333333
1.0308564217567444 69.19
1.0308488845825194 69.18833333333333
1.0308420855840048 69.18833333333333
