2.3069919714609783 6.87
2.306991970316569 6.87
2.306991964975993 6.87
2.3069919719696044 6.87
2.306991959253947 6.87
2.306991965611776 6.87
2.3069919615427654 6.87
2.3069919686635334 6.87
2.3069919747670493 6.87
2.306991972223918 6.87
2.306991965866089 6.87
2.3069919633229574 6.87
2.3069919638315834 6.87
2.3069919606526694 6.87
2.306991966120402 6.87
2.306991976420085 6.87
2.306991960398356 6.87
2.3069919675191244 6.87
2.3069919633229574 6.87
2.306991957092285 6.87
2.306991965611776 6.87
2.30699196472168 6.87
2.3069919677734374 6.87
2.306991966120402 6.87
2.306991958363851 6.87
2.306991967010498 6.87
2.3069919653574624 6.87
2.306991963704427 6.87
2.3069919642130534 6.87
2.3069919714609783 6.87
