1.2660592633368666e+16 7.051666666666667
2.1703219419371088e+17 7.053333333333334
5.0025996495241626e+17 7.053333333333334
6.912811544414807e+17 7.053333333333334
8.020293451349702e+17 7.051666666666667
8.699424159272042e+17 7.051666666666667
9.146041782451352e+17 7.053333333333334
9.452068024045471e+17 7.053333333333334
9.664262343913923e+17 7.053333333333334
9.812776221715185e+17 7.053333333333334
9.916351270750327e+17 7.053333333333334
9.989153017556468e+17 7.053333333333334
1.0040109808812453e+18 7.053333333333334
1.0075958682848159e+18 7.053333333333334
1.0101084961160119e+18 7.053333333333334
1.0118679459110985e+18 7.053333333333334
1.0130990918406099e+18 7.053333333333334
1.013954271460477e+18 7.053333333333334
1.0145575676632261e+18 7.053333333333334
1.0149765550407855e+18 7.053333333333334
1.0152847834443744e+18 7.053333333333334
1.0154816014133533e+18 7.053333333333334
1.015611123479951e+18 7.053333333333334
1.0156843398492934e+18 7.053333333333334
1.0157573332376778e+18 7.053333333333334
1.0158227143039087e+18 7.053333333333334
1.0158227188852072e+18 7.053333333333334
1.0158227159531762e+18 7.053333333333334
1.0158227160997778e+18 7.053333333333334
1.0158227179689476e+18 7.053333333333334
