3.4546158294677736 6.988333333333333
3.4546158273061116 6.988333333333333
3.4546158376057945 6.988333333333333
3.4546158206939697 6.988333333333333
3.454615834935506 6.988333333333333
3.454615843454997 6.988333333333333
3.4546158420562745 6.988333333333333
3.454615837097168 6.988333333333333
3.4546158471425374 6.988333333333333
3.454615836207072 6.988333333333333
3.45461583442688 6.988333333333333
3.454615833536784 6.988333333333333
3.4546158332824706 6.988333333333333
3.4546158351898195 6.988333333333333
3.4546158327738445 6.988333333333333
3.4546158444722495 6.988333333333333
3.4546158308664956 6.988333333333333
3.4546158513387044 6.988333333333333
3.45461582921346 6.988333333333333
3.4546158348083496 6.988333333333333
3.4546158276875816 6.988333333333333
3.454615834681193 6.988333333333333
3.4546158195495607 6.988333333333333
3.4546158451080324 6.988333333333333
3.4546158288319906 6.988333333333333
3.454615839767456 6.988333333333333
3.4546158318837485 6.988333333333333
3.454615835825602 6.988333333333333
3.45461582959493 6.988333333333333
3.4546158308664956 6.988333333333333
