7.6379609990437825 7.57
5.124491521199544 15.711666666666666
5.895841994730631 15.726666666666667
6.17284931233724 15.74
6.334826190185547 15.751666666666667
6.245842937469482 15.758333333333333
6.309396191914876 15.763333333333334
6.300436623128255 15.766666666666667
6.31809919535319 15.768333333333333
6.3219374069213865 15.775
6.325201793416341 15.775
6.325299449666341 15.78
6.331409955342611 15.775
6.344498141988119 15.778333333333334
6.343769739023845 15.778333333333334
6.344858559163411 15.776666666666667
6.346907336171468 15.778333333333334
6.348552855173747 15.778333333333334
6.350657765960693 15.776666666666667
6.3517381317138675 15.778333333333334
6.352080039978027 15.778333333333334
6.352334511311849 15.778333333333334
6.35225615793864 15.778333333333334
6.352303469085693 15.778333333333334
6.352525598653157 15.778333333333334
6.352507718912761 15.778333333333334
6.352462933603922 15.778333333333334
6.352419924926758 15.778333333333334
6.35239800491333 15.778333333333334
6.3523520266215 15.778333333333334
