1.4184435859680176 44.13
1.4926726808547974 41.71333333333333
1.4855101090749105 42.263333333333335
1.4824544740041097 42.73
1.4879391398111979 42.736666666666665
1.5012501071929931 41.89333333333333
1.4943813758850097 42.22666666666667
1.494099051729838 42.235
1.4885098320643106 42.66166666666667
1.4902776856740316 42.513333333333335
1.4899711044311523 42.515
1.490490801048279 42.47
1.4901229694366456 42.498333333333335
1.4900179732004801 42.516666666666666
1.4900489096959433 42.51833333333333
1.4901283088684083 42.516666666666666
1.4901962279001872 42.50666666666667
1.4902590900421142 42.498333333333335
1.4902333333333333 42.501666666666665
1.4902396251042684 42.50333333333333
1.490256529935201 42.5
1.490266026433309 42.5
1.4902729150772094 42.49666666666667
1.4902872245788574 42.495
1.4902963619867962 42.49333333333333
1.490310762087504 42.49
1.490340169461568 42.486666666666665
1.490363278388977 42.48
1.4903807065327963 42.483333333333334
1.490390309079488 42.483333333333334
