192184.04374166665 50.12833333333333
720541.3683 50.12833333333333
1166506.7229333334 50.12833333333333
1520201.8406 50.126666666666665
1797403.8602666666 50.125
2002390.0964 50.125
2153746.0156 50.125
2264421.084266667 50.123333333333335
2342984.212933333 50.125
2399145.465933333 50.123333333333335
2438507.0434 50.123333333333335
2466242.1036 50.123333333333335
2485826.1507333335 50.123333333333335
2499538.3338666665 50.123333333333335
2509165.5543333334 50.123333333333335
2515938.974133333 50.123333333333335
2520703.512666667 50.123333333333335
2524058.3976 50.123333333333335
2526369.0165333333 50.123333333333335
2527924.6008 50.123333333333335
2529006.8850666666 50.123333333333335
2529783.116866667 50.123333333333335
2530291.4262 50.123333333333335
2530698.5201333333 50.123333333333335
2531009.0749333333 50.123333333333335
2531143.589466667 50.123333333333335
2531178.1484666667 50.123333333333335
2531178.7658666666 50.123333333333335
2531178.7634666665 50.123333333333335
2531178.7646666667 50.123333333333335
