7.158961222076416 8.62
7.1589612246195475 8.62
7.15896124343872 8.62
7.1589612312316895 8.62
7.1589612172444665 8.62
7.158961218261719 8.62
7.158961218770345 8.62
7.158961225382487 8.62
7.158961213938396 8.62
7.15896123046875 8.62
7.1589612302144365 8.62
7.158961244710286 8.62
7.1589612286885576 8.62
7.1589612243652345 8.62
7.1589612314860025 8.62
7.1589612314860025 8.62
7.158961226908366 8.62
7.1589612263997395 8.62
7.1589612279256185 8.62
7.158961221313477 8.62
7.158961219533285 8.62
7.158961245727539 8.62
7.158961245218912 8.62
7.1589612327575685 8.62
7.1589612274169925 8.62
7.1589612365722655 8.62
7.158961247507731 8.62
7.1589612228393555 8.62
7.158961210378011 8.62
7.1589612368265785 8.62
