0.8998054625193278 71.82666666666667
1.1456735427220663 69.23333333333333
0.6360722755591075 78.91166666666666
0.6360722801526387 78.91166666666666
0.6360722793102265 78.91166666666666
0.6360722803751627 78.91166666666666
0.6360722757657369 78.91166666666666
0.6360722774823506 78.91166666666666
0.6360722806612651 78.91166666666666
0.6360722789446512 78.91166666666666
0.6360722772757212 78.91166666666666
0.6360722826480866 78.91166666666666
0.6360722792307536 78.91166666666666
0.6360722781499227 78.91166666666666
0.6360722806771596 78.91166666666666
0.6360722764968872 78.91166666666666
0.6360722809473673 78.91166666666666
0.6360722792943319 78.91166666666666
0.6360722796758016 78.91166666666666
0.636072279103597 78.91166666666666
0.6360722788651785 78.91166666666666
0.6360722807884216 78.91166666666666
0.636072277323405 78.91166666666666
0.636072277100881 78.91166666666666
0.6360722757021586 78.91166666666666
0.6360722773869832 78.91166666666666
0.636072281519572 78.91166666666666
0.6360722800731659 78.91166666666666
0.6360722763697306 78.91166666666666
0.6360722819328308 78.91166666666666
