43.194959458414715 27.418333333333333
88.0788212890625 28.148333333333333
127.9658987915039 28.633333333333333
159.92457810058593 28.901666666666667
182.04930935465495 28.885
199.9611380086263 29.026666666666667
212.701098046875 29.098333333333333
221.0541161376953 29.076666666666668
227.67483962402343 29.135
232.09813546549478 29.14
235.38563393554688 29.14666666666667
237.559124609375 29.148333333333333
239.11477903645834 29.148333333333333
240.21485249023436 29.158333333333335
240.9786985514323 29.156666666666666
241.51286665852865 29.155
241.90480371907552 29.16
242.17181588541666 29.158333333333335
242.35192864583334 29.156666666666666
242.48655467936197 29.16
242.5724742594401 29.16
242.62669189453126 29.158333333333335
242.65621284179687 29.155
242.65620545247396 29.153333333333332
242.63309060058594 29.158333333333335
242.6133781575521 29.156666666666666
242.60229213053384 29.155
242.59730677083334 29.153333333333332
242.5969227783203 29.153333333333332
242.59689871419272 29.153333333333332
