0.6015990028619767 87.985
0.6193976232469082 87.37333333333333
0.4544472630818685 90.745
0.5546521745522817 89.40833333333333
0.5966724755922953 88.11166666666666
0.7343086092869441 88.07
1.2806888474623361 79.84666666666666
3.3642333494822183 57.0
3.303157143783569 48.25833333333333
2.7523783618927 46.805
2.390537427520752 48.28666666666667
2.0689478381474813 51.81666666666667
1.7808169426600138 56.13166666666667
1.5591669576009115 59.68666666666667
1.377214218711853 62.99166666666667
1.2516804153442382 65.49833333333333
1.163690393638611 67.48333333333333
1.1060897289276124 68.96666666666667
1.065104016717275 70.04
1.0387300347010295 70.79833333333333
1.0200153134346008 71.29166666666667
1.007014930820465 71.67166666666667
0.9979616303443909 71.975
0.9922286332766215 72.15666666666667
0.9882565203030904 72.28
0.9852463303248088 72.39333333333333
0.9837386030832926 72.42833333333333
0.9826625453313191 72.46166666666667
0.981716974512736 72.49
0.9811359500249227 72.49833333333333
