2.313603663889567 9.736666666666666
2.313603662363688 9.736666666666666
2.313603656387329 9.736666666666666
2.3136036643981934 9.736666666666666
2.3136036664326984 9.736666666666666
2.3136036602020265 9.736666666666666
2.3136036556243895 9.736666666666666
2.3136036613464355 9.736666666666666
2.313603662999471 9.736666666666666
2.3136036622365315 9.736666666666666
2.313603664271037 9.736666666666666
2.313603659057617 9.736666666666666
2.3136036622365315 9.736666666666666
2.3136036568959555 9.736666666666666
2.313603666051229 9.736666666666666
2.313603655751546 9.736666666666666
2.313603658294678 9.736666666666666
2.3136036580403645 9.736666666666666
2.313603662109375 9.736666666666666
2.3136036562601725 9.736666666666666
2.3136036571502685 9.736666666666666
2.3136036574045815 9.736666666666666
2.313603658294678 9.736666666666666
2.313603652445475 9.736666666666666
2.3136036589304605 9.736666666666666
2.313603658803304 9.736666666666666
2.313603659947713 9.736666666666666
2.313603659439087 9.736666666666666
2.313603657658895 9.736666666666666
2.3136036571502685 9.736666666666666
