0.7614277949651083 76.66666666666667
0.7614277936935425 76.66666666666667
0.7614277961413065 76.66666666666667
0.7614277950604756 76.66666666666667
0.761427797794342 76.66666666666667
0.7614277968088786 76.66666666666667
0.76142779601415 76.66666666666667
0.7614277931849162 76.66666666666667
0.7614277963320414 76.66666666666667
0.761427795569102 76.66666666666667
0.761427797794342 76.66666666666667
0.761427795791626 76.66666666666667
0.7614277948697408 76.66666666666667
0.7614277948061625 76.66666666666667
0.7614277966499329 76.66666666666667
0.7614277949333191 76.66666666666667
0.7614277953783671 76.66666666666667
0.7614277958234151 76.66666666666667
0.7614277957598369 76.66666666666667
0.761427793375651 76.66666666666667
0.7614277970949809 76.66666666666667
0.7614277944564819 76.66666666666667
0.7614277959187825 76.66666666666667
0.7614277958234151 76.66666666666667
0.7614277953147888 76.66666666666667
0.761427794265747 76.66666666666667
0.7614277943929036 76.66666666666667
0.7614277967770894 76.66666666666667
0.7614277939160665 76.66666666666667
0.7614277973810831 76.66666666666667
