0.4723002926309903 89.23333333333333
0.35044251738985377 91.05666666666667
0.3460424792567889 91.19166666666666
0.34604248208999633 91.19166666666666
0.3460424790183703 91.19166666666666
0.3460424803952376 91.19166666666666
0.3460424788584312 91.19166666666666
0.3460424818078677 91.19166666666666
0.34604248158931733 91.19166666666666
0.3460424840768178 91.19166666666666
0.34604248255093895 91.19166666666666
0.34604247919321063 91.19166666666666
0.34604247933427495 91.19166666666666
0.3460424800276756 91.19166666666666
0.3460424825886885 91.19166666666666
0.346042481692632 91.19166666666666
0.3460424793303013 91.19166666666666
0.3460424792408943 91.19166666666666
0.34604247872432076 91.19166666666666
0.34604247823953627 91.19166666666666
0.34604248162905377 91.19166666666666
0.34604248066743215 91.19166666666666
0.34604247875213623 91.19166666666666
0.346042481482029 91.19166666666666
0.3460424825926622 91.19166666666666
0.34604248171250024 91.19166666666666
0.34604248058994613 91.19166666666666
0.3460424785812696 91.19166666666666
0.3460424823462963 91.19166666666666
0.3460424807846546 91.19166666666666
