0.9907976181348165 69.07833333333333
0.9615731027285258 70.89
0.9713403827031454 70.84166666666667
0.9718447903315226 70.835
0.9718447933832804 70.835
0.971844791507721 70.835
0.9718447919209798 70.835
0.9718447898864746 70.835
0.9718447938919067 70.835
0.9718447916030883 70.835
0.9718447889645895 70.835
0.9718447902997335 70.835
0.9718447897275289 70.835
0.9718447912216186 70.835
0.9718447891553244 70.835
0.9718447920799256 70.835
0.9718447918574016 70.835
0.9718447951634724 70.835
0.9718447907129923 70.835
0.9718447903315226 70.835
0.9718447909990946 70.835
0.9718447932561238 70.835
0.9718447902043661 70.835
0.9718447913805643 70.835
0.9718447892506917 70.835
0.9718447919209798 70.835
0.9718447944641113 70.835
0.9718447914759318 70.835
0.9718447891553244 70.835
0.9718447909037272 70.835
