308199275556.59094 10.645
1008767094786.1846 10.951666666666666
1529860557390.9163 11.135
1938591999800.1152 11.275
2251878726439.185 11.345
2484963427413.743 11.41
2654871383563.7417 11.425
2777456883584.2046 11.44
2864114626217.0283 11.455
2926204365570.048 11.46
2969927583950.4385 11.461666666666666
3000655280707.9937 11.46
3021172999524.625 11.461666666666666
3034869033529.071 11.461666666666666
3044200337777.186 11.458333333333334
3051125944579.9595 11.461666666666666
3056226148338.8926 11.46
3059742910482.5684 11.46
3062239131074.56 11.46
3063939749519.9062 11.46
3065117344547.908 11.458333333333334
3065995972802.4233 11.46
3065568282559.556 11.461666666666666
3065015963606.4937 11.46
3064466800307.951 11.473333333333333
3064416139966.3276 11.475
3064415303622.11 11.475
3064415286145.8433 11.475
3064415310612.6167 11.475
3064415295093.692 11.475
