0.49708797624905904 82.73
0.5564457098960877 78.36666666666666
0.4585960092226664 83.72333333333333
0.4524631435235341 84.01166666666667
0.49982510738372804 82.52
0.46723749141693116 83.70333333333333
0.4482522998491923 84.40333333333334
0.45569431737264 84.09666666666666
0.4489666335741679 84.31666666666666
0.4510645957946777 84.275
0.4516818608919779 84.255
0.4512953286488851 84.26166666666667
0.45130543551445007 84.245
0.4509822557608287 84.27
0.4510125421365102 84.27666666666667
0.4510524789492289 84.28
0.4509580586751302 84.30666666666667
0.45093472482363384 84.30333333333333
0.45096656068166097 84.30833333333334
0.45092370535532633 84.30833333333334
0.450904772122701 84.305
0.4508791712284088 84.30166666666666
0.4508766549428304 84.30166666666666
0.45085964929262795 84.30333333333333
0.4508747383276622 84.30333333333333
0.45092177154223123 84.30666666666667
0.45094550755818685 84.305
0.4509791332880656 84.30666666666667
0.4509942117532094 84.30833333333334
0.4510009692033132 84.30333333333333
