48212.70239791667 10.626666666666667
49816.411802083334 10.303333333333333
59563.88038333334 10.191666666666666
68213.43082708333 10.161666666666667
74865.2073 10.141666666666667
79627.05314166666 10.131666666666666
83035.20128333333 10.125
85524.83637916666 10.111666666666666
87275.64151666667 10.11
88515.95934583334 10.106666666666667
89375.17155833333 10.106666666666667
89988.7693875 10.106666666666667
90420.78212916666 10.106666666666667
90722.74585 10.106666666666667
90934.14928333333 10.106666666666667
91081.0634625 10.106666666666667
91184.27757916666 10.106666666666667
91249.427575 10.106666666666667
91293.4830625 10.106666666666667
91323.34840833333 10.106666666666667
91340.83046666667 10.106666666666667
91357.71219166667 10.106666666666667
91360.60128333334 10.106666666666667
91363.85458333333 10.106666666666667
91369.31367083333 10.106666666666667
91374.66652916667 10.106666666666667
91376.33879166667 10.106666666666667
91376.53729166667 10.106666666666667
91376.53767916666 10.106666666666667
91376.5378 10.106666666666667
