2.3105188702901205 10.108333333333333
2.310518873087565 10.108333333333333
2.3105188784281414 10.108333333333333
2.3105188775380454 10.108333333333333
2.3105188676198325 10.108333333333333
2.310518875757853 10.108333333333333
2.310518871307373 10.108333333333333
2.3105188681284585 10.108333333333333
2.310518863169352 10.108333333333333
2.310518865585327 10.108333333333333
2.310518878555298 10.108333333333333
2.3105188724517824 10.108333333333333
2.3105188808441164 10.108333333333333
2.310518878173828 10.108333333333333
2.310518873087565 10.108333333333333
2.3105188741048175 10.108333333333333
2.310518858718872 10.108333333333333
2.3105188676198325 10.108333333333333
2.310518875249227 10.108333333333333
2.3105188732147215 10.108333333333333
2.310518868382772 10.108333333333333
2.3105188808441164 10.108333333333333
2.3105188774108885 10.108333333333333
2.3105188766479494 10.108333333333333
2.3105188846588134 10.108333333333333
2.310518874867757 10.108333333333333
2.3105188727060955 10.108333333333333
2.310518872833252 10.108333333333333
2.310518875757853 10.108333333333333
2.3105188807169594 10.108333333333333
