7.7209941685994465 22.09
14.343961288452148 22.091666666666665
19.792939881388346 22.1
24.14508467203776 22.076666666666668
26.897054125976563 22.06
27.969372310384113 22.02166666666667
28.915347041829428 22.003333333333334
31.009357502237958 22.03
32.25472091064453 22.028333333333332
32.69752607828776 22.02166666666667
33.0676983601888 22.023333333333333
33.31197387491862 22.026666666666667
33.560359497070316 22.035
33.72532623494466 22.038333333333334
33.724884471638994 22.035
33.78676733093262 22.035
33.822956565348306 22.036666666666665
33.860428666178386 22.036666666666665
33.89002252807617 22.038333333333334
33.90059809977213 22.036666666666665
33.91946008504232 22.036666666666665
33.928866180419924 22.036666666666665
33.93399073486328 22.033333333333335
33.93162731323242 22.025
33.929602724202475 22.026666666666667
33.93357762451172 22.025
33.93591939697266 22.025
33.935977083333334 22.025
33.93597611287435 22.025
33.93597598673502 22.025
