686.5035887044271 64.87
2856.3858493489583 64.88833333333334
5720.361311588542 64.88666666666667
8543.492044791667 64.88833333333334
10994.197699479168 64.88833333333334
12975.0769328125 64.89
14481.577566666667 64.89
15594.133666145834 64.89
16416.809041666667 64.89
17019.766068229168 64.89
17443.2884078125 64.89
17743.419061458335 64.89
17956.666069791667 64.89
18104.238613020832 64.89
18208.130851041667 64.89
18281.522000520832 64.89
18333.558547916666 64.89
18369.708177604167 64.89
18395.5794828125 64.89
18413.430761979165 64.89
18425.7393640625 64.89
18434.357273958332 64.89
18440.363297916665 64.89
18444.4551828125 64.89
18447.1982984375 64.89
18448.808401822916 64.89
18449.529862760417 64.89
18449.80960052083 64.89
18449.8582921875 64.89
18449.858303645833 64.89
