1.7408828786849975 55.05
13.133703475952148 56.36833333333333
83.15635237630208 56.205
173.49946189778646 56.196666666666665
226.55801096191405 56.17166666666667
224.5746230061849 56.21333333333333
160.99869513753256 56.05
249.05213496907552 55.525
389.51770255533853 55.608333333333334
504.13594361979165 55.651666666666664
585.6365978841146 55.63666666666666
645.6675844401042 55.635
690.4250494954427 55.638333333333335
720.9647145833334 55.62166666666667
743.2729311197917 55.62166666666667
759.1923482421874 55.63
769.8234122233073 55.625
777.4290890625 55.62
782.9686161132812 55.62
786.7175392252605 55.626666666666665
789.4368224609375 55.626666666666665
791.3729680664062 55.623333333333335
792.6917645182292 55.623333333333335
793.6374805989583 55.625
794.2863395507812 55.623333333333335
794.7462527018229 55.62166666666667
795.0553325520833 55.62166666666667
795.2720786458333 55.62166666666667
795.407891796875 55.62166666666667
795.4946439453125 55.62166666666667
