0.37219823737740515 90.52666666666667
0.3817002897137155 93.015
0.5793810505184035 93.64166666666667
0.9614783896028302 93.91833333333334
1.4853707354026675 93.92166666666667
1.8305592715367927 93.92
2.0501347761394766 93.92666666666666
2.2061855926698812 93.92666666666666
2.306263502246394 93.92666666666666
2.3825638033927636 93.92833333333333
2.436971876861317 93.93
2.4682583591002523 93.93
2.4923644070903017 93.93166666666667
2.506743603140916 93.93166666666667
2.517432026699737 93.93166666666667
2.525501553508935 93.93
2.5310083815752153 93.93
2.5348660900224433 93.93
2.537406456296127 93.93
2.539306233883829 93.93
2.540565102055609 93.93
2.5414579125513583 93.93
2.5421314749809425 93.93
2.5425952332665798 93.93
2.5428898499419774 93.93
2.5431232145719997 93.93
2.5432618402289413 93.93
2.543351312734719 93.93
2.5434070842994583 93.93
2.5434388312871024 93.93
