2.6203428588874535e+19 12.513333333333334
3.18849766576872e+21 12.51
1.8171405638200277e+22 12.503333333333334
3.8256608530530975e+22 12.498333333333333
5.4048375172420585e+22 12.495
6.389019011618453e+22 12.496666666666666
6.957282058957981e+22 12.495
7.28799429495876e+22 12.496666666666666
7.48418686645301e+22 12.496666666666666
7.606683068792701e+22 12.496666666666666
7.684982586822138e+22 12.496666666666666
7.736770823051592e+22 12.496666666666666
7.771695685239912e+22 12.496666666666666
7.795811636425221e+22 12.496666666666666
7.812360279228652e+22 12.496666666666666
7.82372073250718e+22 12.496666666666666
7.831722131688213e+22 12.496666666666666
7.836983110431927e+22 12.496666666666666
7.840595258661952e+22 12.496666666666666
7.843126633293593e+22 12.496666666666666
7.844915771712279e+22 12.496666666666666
7.846193366545513e+22 12.496666666666666
7.84710131865151e+22 12.496666666666666
7.847609877611415e+22 12.496666666666666
7.848067927560587e+22 12.496666666666666
7.848519103695673e+22 12.496666666666666
7.848619819555628e+22 12.496666666666666
7.848619809707757e+22 12.496666666666666
7.84861978088472e+22 12.496666666666666
7.84861978208568e+22 12.496666666666666
