6.649311968104045 86.26166666666667
8.76322253395319 86.775
7.510547642676036 87.46166666666667
8.074656060536702 87.47
7.021736736996969 87.50166666666667
5.694638006178538 87.39333333333333
4.398948392709096 87.22166666666666
3.37105001800855 86.915
2.5813371864477794 86.275
2.0047446207523345 85.09833333333333
1.650058174987634 82.22333333333333
1.6315030289967856 73.51833333333333
2.5992437246958415 45.37166666666667
3.74591727994283 27.57
3.6385555063883466 23.055
3.3971339232126874 21.713333333333335
3.2087980472564697 20.855
3.0835772557576497 20.163333333333334
2.99749126625061 19.886666666666667
2.9413251436869303 19.665
2.9024340463002525 19.538333333333334
2.8749379072825114 19.453333333333333
2.85587135848999 19.39
2.8433519214630127 19.358333333333334
2.834236463801066 19.34
2.8280814664204916 19.331666666666667
2.823739361699422 19.32
2.8206921056111653 19.313333333333333
2.8184680199941 19.308333333333334
2.8169625981648765 19.3
