2.442774812117749e+29 11.323333333333334
2.2532203192973774e+30 12.43
3.948481642865658e+30 12.6
5.171986585931266e+30 12.328333333333333
6.16990921194512e+30 12.215
6.889986041633247e+30 12.15
7.421129751724133e+30 12.066666666666666
7.816211320900841e+30 11.99
8.090091714165187e+30 11.951666666666666
8.276178141962678e+30 11.93
8.421265129147886e+30 11.921666666666667
8.511819723146584e+30 11.906666666666666
8.579920788957918e+30 11.918333333333333
8.63252156466079e+30 11.91
8.66484041561986e+30 11.91
8.688327446430907e+30 11.913333333333334
8.702789721882146e+30 11.906666666666666
8.7099457293814e+30 11.905
8.711672291124175e+30 11.913333333333334
8.713412468917863e+30 11.911666666666667
8.711417349301153e+30 11.905
8.713654668662746e+30 11.906666666666666
8.69507837673793e+30 11.891666666666667
8.675482839776977e+30 11.89
8.661007427654211e+30 11.881666666666666
8.66025366014902e+30 11.88
8.660243860757517e+30 11.88
8.660238626269908e+30 11.88
8.660237439910704e+30 11.88
8.66023733094619e+30 11.88
