8.122584621810914 10.0
2.9385423391977947 10.0
2.688650664901733 10.0
2.6643938953399657 10.0
2.6473954757690428 10.0
2.6356255521138507 10.0
2.6281491307576497 10.0
2.622856298828125 10.0
2.619083757019043 10.0
2.6163140889485677 10.0
2.6143523409525553 10.0
2.613033255513509 10.0
2.6121039063771567 10.0
2.611461550140381 10.0
2.6110497769673664 10.0
2.610726528422038 10.0
2.6104958557128906 10.0
2.610397085825602 10.0
2.6102754127502443 10.0
2.6101820421854653 10.0
2.610109305445353 10.0
2.6100242351531984 10.0
2.6099988187154133 10.0
2.6099723162333173 10.0
2.6099556429545085 10.0
2.6099597854614256 10.0
2.609979968516032 10.0
2.6099771814982096 10.0
2.6099881304423014 10.0
2.609988301340739 10.0
