106799330920.58453 11.9
1270234981859.328 11.766666666666667
3335293828036.4717 11.701666666666666
5261545035600.1455 11.646666666666667
6644345090482.722 11.631666666666666
7524043047147.93 11.626666666666667
8071854182052.659 11.626666666666667
8411610230309.956 11.623333333333333
8627094728177.527 11.623333333333333
8764080830755.635 11.618333333333334
8852642555599.258 11.623333333333333
8910786900385.246 11.623333333333333
8949571683160.338 11.623333333333333
8975923737141.795 11.625
8993065320439.262 11.621666666666666
9003955136198.52 11.621666666666666
9011219855835.137 11.62
9016878001291.264 11.62
9020700546791.287 11.62
9023522841104.656 11.62
9025461636877.518 11.62
9026556644941.277 11.62
9025333971211.605 11.621666666666666
9024410665650.312 11.62
9023537260282.95 11.621666666666666
9022688899943.629 11.621666666666666
9022582175039.488 11.621666666666666
9022580426294.34 11.621666666666666
9022580056077.107 11.621666666666666
9022580053280.904 11.621666666666666
