2.9798920852661133 21.766666666666666
3.416908494567871 21.813333333333333
3.147020688374837 21.74
3.2842247564951577 21.773333333333333
2.9368007002512613 21.696666666666665
3.1489255189259846 21.753333333333334
3.153058141326904 21.758333333333333
3.175903973388672 21.77166666666667
3.1175641187032066 21.755
3.110968173853556 21.756666666666668
3.1113196993509926 21.756666666666668
3.118050916671753 21.755
3.1310789747873944 21.761666666666667
3.110363190205892 21.755
3.115195557530721 21.758333333333333
3.114847920099894 21.76
3.1173918525695803 21.761666666666667
3.1159219487508136 21.76
3.116355617396037 21.76
3.117336523183187 21.761666666666667
3.1163836322784424 21.76
3.1161482388814292 21.76
3.11596520169576 21.763333333333332
3.1157037794748943 21.76
3.114689407602946 21.763333333333332
3.1140796016693115 21.765
3.1136962331136067 21.768333333333334
3.1134065689086916 21.77
3.113362634277344 21.77
3.1135051648457845 21.768333333333334
