0.5685214977502823 88.21333333333334
0.4482240694065889 89.57833333333333
0.44362469169298807 89.635
0.44362468782663345 89.635
0.4436246870994568 89.635
0.443624691148599 89.635
0.4436246970375379 89.635
0.4436246933619181 89.635
0.4436246934890747 89.635
0.4436246960103512 89.635
0.44362468585173287 89.635
0.4436246966203054 89.635
0.4436246918559074 89.635
0.44362468717098236 89.635
0.4436246940155824 89.635
0.44362468989888826 89.635
0.44362469968795776 89.635
0.4436246980845928 89.635
0.44362469338973365 89.635
0.4436246902068456 89.635
0.44362469346920647 89.635
0.4436246902823448 89.635
0.44362469674746197 89.635
0.44362469719250996 89.635
0.443624693808953 89.635
0.4436246957699458 89.635
0.44362469014326733 89.635
0.4436246931274732 89.635
0.44362469400167465 89.635
0.44362469769318896 89.635
