1.0343780423482258 67.51833333333333
0.9716882219632467 70.29
0.9798858536402384 70.235
0.9813741117795308 70.24
0.9813741108576457 70.24
0.9813741123835246 70.24
0.9813741118431091 70.24
0.9813741100629171 70.24
0.9813741116205851 70.24
0.9813741152445475 70.24
0.9813741137504578 70.24
0.9813741126696268 70.24
0.9813741157213847 70.24
0.981374108505249 70.24
0.981374114481608 70.24
0.9813741134007772 70.24
0.9813741130828857 70.24
0.981374113814036 70.24
0.9813741135279338 70.24
0.9813741107940673 70.24
0.9813741105079651 70.24
0.9813741129557292 70.24
0.9813741115252177 70.24
0.9813741158803304 70.24
0.9813741144498189 70.24
0.9813741122245788 70.24
0.9813741128921509 70.24
0.98137411181132 70.24
0.9813741119384766 70.24
0.9813741118431091 70.24
