315.02319969075523 19.565
1017.9121774739583 19.606666666666666
1886.8912356119793 18.82
2616.619397135417 19.498333333333335
3278.898490885417 19.303333333333335
3783.7988076822917 19.368333333333332
4184.970307552083 19.253333333333334
4457.1217953125 19.308333333333334
4655.099170833333 19.331666666666667
4796.492904947917 19.358333333333334
4908.355411458333 19.343333333333334
4982.640240625 19.35333333333333
5035.352463802084 19.351666666666667
5071.379697916666 19.35333333333333
5096.9968895833335 19.358333333333334
5116.159576302083 19.356666666666666
5129.46668515625 19.355
5138.582916666666 19.355
5145.06738671875 19.355
5149.9028359375 19.35333333333333
5153.123788802083 19.35333333333333
5155.534595833334 19.35
5157.245061458333 19.35
5158.509834375 19.343333333333334
5159.801799479166 19.343333333333334
5161.048276302084 19.336666666666666
5161.7835658854165 19.326666666666668
5162.234086458333 19.326666666666668
5162.468083723958 19.326666666666668
5162.52591015625 19.326666666666668
