0.7150476197560628 77.70333333333333
0.7150476179440817 77.70333333333333
0.7150476196924845 77.70333333333333
0.7150476202329 77.70333333333333
0.7150476175308228 77.70333333333333
0.7150476215044658 77.70333333333333
0.7150476239204406 77.70333333333333
0.7150476202329 77.70333333333333
0.7150476181983948 77.70333333333333
0.7150476207097372 77.70333333333333
0.715047621568044 77.70333333333333
0.7150476216316223 77.70333333333333
0.7150476193110148 77.70333333333333
0.7150476215362549 77.70333333333333
0.7150476175626119 77.70333333333333
0.7150476218382518 77.70333333333333
0.7150476221402486 77.70333333333333
0.7150476193110148 77.70333333333333
0.7150476214726766 77.70333333333333
0.715047617149353 77.70333333333333
0.715047622235616 77.70333333333333
0.7150476199785868 77.70333333333333
0.7150476208368938 77.70333333333333
0.7150476188023885 77.70333333333333
0.7150476217587789 77.70333333333333
0.7150476214726766 77.70333333333333
0.7150476217269898 77.70333333333333
0.7150476195017497 77.70333333333333
0.7150476195653279 77.70333333333333
0.7150476187705994 77.70333333333333
