0.5115576638301214 86.755
0.36060179880062737 89.81333333333333
0.35998138601382573 89.85666666666667
0.35998138415018716 89.85666666666667
0.3599813859303792 89.85666666666667
0.35998138536612195 89.85666666666667
0.3599813864191373 89.85666666666667
0.35998138790925344 89.85666666666667
0.3599813851992289 89.85666666666667
0.35998138503630955 89.85666666666667
0.3599813857714335 89.85666666666667
0.35998138469457625 89.85666666666667
0.35998138659000395 89.85666666666667
0.35998138705094657 89.85666666666667
0.3599813866058985 89.85666666666667
0.35998138688405357 89.85666666666667
0.3599813867410024 89.85666666666667
0.3599813857038816 89.85666666666667
0.359981387646993 89.85666666666667
0.3599813874920209 89.85666666666667
0.3599813846111298 89.85666666666667
0.3599813855608304 89.85666666666667
0.3599813864946365 89.85666666666667
0.3599813883344332 89.85666666666667
0.35998138606945673 89.85666666666667
0.3599813861846924 89.85666666666667
0.3599813857595126 89.85666666666667
0.35998138826290765 89.85666666666667
0.3599813885132472 89.85666666666667
0.3599813841342926 89.85666666666667
