2089949231212.1345 17.936666666666667
428363906706955.75 21.958333333333332
1612315151586051.2 21.968333333333334
2867358552220814.5 21.981666666666666
3881030610143150.0 21.995
4649290356624737.0 21.998333333333335
5224370422828219.0 22.001666666666665
5652708965104729.0 22.001666666666665
5966989030298590.0 22.008333333333333
6195396084593922.0 22.006666666666668
6358402213874832.0 22.006666666666668
6474931334959945.0 22.006666666666668
6556349269053626.0 22.006666666666668
6614084382391988.0 22.005
6653761720628159.0 22.005
6682582608182702.0 22.005
6702462132031866.0 22.006666666666668
6716387786672728.0 22.006666666666668
6726197135494506.0 22.006666666666668
6733078791225851.0 22.006666666666668
6737855647266845.0 22.005
6741021165867692.0 22.005
6743053135224941.0 22.005
6744483413737428.0 22.005
6745032587726413.0 22.006666666666668
6745055178968059.0 22.006666666666668
6745056653859829.0 22.006666666666668
6745056522147498.0 22.005
6745056529878439.0 22.006666666666668
6745056508117272.0 22.005
