12.22437745920817 17.503333333333334
9.362941396077474 13.861666666666666
10.081533841959635 11.996666666666666
12.253002026367188 13.231666666666667
13.695147221883138 14.071666666666667
14.41045170847575 14.498333333333333
13.904127402750651 13.533333333333333
13.767096304829915 12.783333333333333
14.059146731058757 12.835
14.15784175720215 12.751666666666667
14.262140288289388 12.726666666666667
14.367313939412435 12.76
14.462675878397624 12.81
14.507225619506835 12.82
14.546764471944174 12.835
14.578075627136231 12.853333333333333
14.602155269622802 12.861666666666666
14.617986844889323 12.868333333333334
14.625780671691894 12.87
14.63169133605957 12.873333333333333
14.633078317260741 12.87
14.632049718729656 12.866666666666667
14.62775782623291 12.863333333333333
14.610569079081218 12.841666666666667
14.59698979288737 12.83
14.58760915629069 12.826666666666666
14.581635114542642 12.818333333333333
14.577870947774251 12.811666666666667
14.575192943827311 12.801666666666666
14.572981298828125 12.8
