2.1629003964742024 17.32
2.1619414765675864 17.32
2.1619414780934654 17.32
2.1619414744059244 17.32
2.1619414779663084 17.32
2.161941469446818 17.32
2.161941480000814 17.32
2.1619414786020914 17.32
2.1619414684295655 17.32
2.1619414719899495 17.32
2.161941474278768 17.32
2.1619414741516114 17.32
2.161941482035319 17.32
2.161941477839152 17.32
2.161941482416789 17.32
2.1619414792378744 17.32
2.1619414783477784 17.32
2.161941482671102 17.32
2.1619414768218994 17.32
2.161941468302409 17.32
2.1619414746602374 17.32
2.16194147122701 17.32
2.1619414752960204 17.32
2.1619414747873944 17.32
2.16194148050944 17.32
2.1619414732615154 17.32
2.1619414840698243 17.32
2.1619414750417074 17.32
2.161941473388672 17.32
2.161941478729248 17.32
