54.339509594726565 12.8
868.9708218424479 10.328333333333333
3961.2905614583333 10.39
6109.909528645833 10.493333333333334
7581.079834375 10.53
8676.5153125 10.575
9467.160354166666 10.618333333333334
10084.712331770834 10.645
10560.30431796875 10.668333333333333
10931.840994270833 10.69
11210.382156770833 10.71
11415.862291666666 10.723333333333333
11560.010255208334 10.731666666666667
11661.424102083334 10.738333333333333
11741.4114796875 10.738333333333333
11793.546865104166 10.74
11829.144129166667 10.743333333333334
11856.262018229167 10.743333333333334
11875.25654375 10.745
11887.592598958334 10.745
11897.20360625 10.745
11904.701676041666 10.745
11909.468852083333 10.745
11913.870391145834 10.746666666666666
11916.7107125 10.778333333333334
11918.1109625 10.745
11918.310234895833 10.735
11918.417011979167 10.753333333333334
11918.259594270834 10.778333333333334
11918.479530208333 10.778333333333334
