2.3129964228312176 9.736666666666666
2.3129964290618896 9.736666666666666
2.3129964266459146 9.736666666666666
2.3129964224497477 9.736666666666666
2.3129964321136476 9.736666666666666
2.3129964281717936 9.736666666666666
2.312996426773071 9.736666666666666
2.3129964167277017 9.736666666666666
2.3129964284261066 9.736666666666666
2.312996424484253 9.736666666666666
2.312996424992879 9.736666666666666
2.3129964228312176 9.736666666666666
2.3129964228312176 9.736666666666666
2.3129964288075766 9.736666666666666
2.312996425247192 9.736666666666666
2.312996424357096 9.736666666666666
2.312996417490641 9.736666666666666
2.312996421051025 9.736666666666666
2.3129964221954347 9.736666666666666
2.312996422322591 9.736666666666666
2.312996427408854 9.736666666666666
2.3129964239756267 9.736666666666666
2.3129964279174806 9.736666666666666
2.3129964162190757 9.736666666666666
2.312996428934733 9.736666666666666
2.312996422322591 9.736666666666666
2.3129964269002277 9.736666666666666
2.312996417490641 9.736666666666666
2.3129964269002277 9.736666666666666
2.312996411005656 9.736666666666666
