2.3141173586527506 10.0
2.3141173526763916 10.0
2.3141173617045085 10.0
2.3141173469543457 10.0
2.3141173484802247 10.0
2.3141173440297447 10.0
2.3141173575083416 10.0
2.314117353693644 10.0
2.314117341740926 10.0
2.314117352167765 10.0
2.314117351913452 10.0
2.314117357889811 10.0
2.3141173511505126 10.0
2.314117356109619 10.0
2.314117349878947 10.0
2.314117349243164 10.0
2.314117346191406 10.0
2.3141173413594562 10.0
2.314117348607381 10.0
2.314117358779907 10.0
2.3141173445383707 10.0
2.314117350641886 10.0
2.314117348861694 10.0
2.3141173517862956 10.0
2.3141173422495522 10.0
2.3141173590342206 10.0
2.314117349243164 10.0
2.3141173559824626 10.0
2.3141173529307046 10.0
2.3141173550923666 10.0
