4.451412875239054 78.92666666666666
16.873336346435547 86.93
38.14145671831767 86.92333333333333
61.24698532663981 86.92666666666666
81.5423852104187 86.92166666666667
98.07729396527608 86.91666666666667
110.67717195841472 86.915
120.05160888773601 86.91166666666666
127.01634542541504 86.91
131.87788799031574 86.91166666666666
135.44754321899413 86.91166666666666
138.07465148722332 86.91166666666666
139.85308270670572 86.91166666666666
141.12428112386067 86.91166666666666
142.03742072753906 86.91166666666666
142.6725303894043 86.91166666666666
143.11219201075355 86.91166666666666
143.42220131835938 86.91166666666666
143.6440402323405 86.91166666666666
143.795129486084 86.91166666666666
143.9041491007487 86.91166666666666
143.98005626424154 86.91166666666666
144.03178354593913 86.91166666666666
144.06700988057455 86.91166666666666
144.09025551961264 86.91166666666666
144.10612424723308 86.91166666666666
144.11570890299478 86.91166666666666
144.12165329793294 86.91166666666666
144.1254056193034 86.91166666666666
144.12757737528483 86.91166666666666
