2.3090871332804364 16.221666666666668
2.3090871368408203 16.221666666666668
2.309087133916219 16.221666666666668
2.3090871390024823 16.221666666666668
2.3090871353149414 16.221666666666668
2.3090871359507243 16.221666666666668
2.3090871295928954 16.221666666666668
2.309087137858073 16.221666666666668
2.3090871337890624 16.221666666666668
2.30908713760376 16.221666666666668
2.309087130355835 16.221666666666668
2.309087131245931 16.221666666666668
2.3090871315002444 16.221666666666668
2.309087133026123 16.221666666666668
2.309087135823568 16.221666666666668
2.309087138493856 16.221666666666668
2.3090871431986493 16.221666666666668
2.309087138239543 16.221666666666668
2.3090871281941734 16.221666666666668
2.309087129465739 16.221666666666668
2.3090871395111083 16.221666666666668
2.3090871322631834 16.221666666666668
2.309087131881714 16.221666666666668
2.309087129211426 16.221666666666668
2.309087134043376 16.221666666666668
2.309087142944336 16.221666666666668
2.3090871260325114 16.221666666666668
2.3090871370951334 16.221666666666668
2.3090871392567953 16.221666666666668
2.3090871365865073 16.221666666666668
