2.3150743750254312 10.0
2.315074383417765 10.0
2.315074378967285 10.0
2.3150743841807047 10.0
2.315074385197957 10.0
2.3150743799845377 10.0
2.3150743850708007 10.0
2.315074381637573 10.0
2.3150743803660077 10.0
2.3150743748982747 10.0
2.3150743759155272 10.0
2.3150743743896482 10.0
2.3150743760426837 10.0
2.315074378077189 10.0
2.3150743784586587 10.0
2.315074380111694 10.0
2.315074379221598 10.0
2.315074375406901 10.0
2.315074377695719 10.0
2.3150743764241537 10.0
2.3150743700663248 10.0
2.3150743883768716 10.0
2.3150743830362956 10.0
2.315074378077189 10.0
2.3150743802388507 10.0
2.315074380111694 10.0
2.315074372990926 10.0
2.3150743718465168 10.0
2.315074383799235 10.0
2.3150743872324626 10.0
