5169220528.264533 9.525
23247999459.874134 9.525
35499451317.17973 9.52
42338970138.487465 9.52
46561382096.34987 9.52
49436306914.23573 9.521666666666667
51457222399.31734 9.523333333333333
52869826451.8656 9.523333333333333
53855937138.96107 9.523333333333333
54552669377.877335 9.523333333333333
55040789981.86667 9.523333333333333
55382712197.66613 9.523333333333333
55620867843.6864 9.523333333333333
55786942064.2304 9.523333333333333
55905527793.80054 9.523333333333333
55987221768.874664 9.523333333333333
56045091828.5312 9.523333333333333
56087704858.35094 9.523333333333333
56113734809.46347 9.523333333333333
56131716017.90293 9.523333333333333
56144169937.57867 9.523333333333333
56152861055.3856 9.523333333333333
56159899418.624 9.523333333333333
56163524072.78933 9.523333333333333
56167113942.6304 9.523333333333333
56170643809.8944 9.523333333333333
56170695500.322136 9.523333333333333
56170695334.2976 9.523333333333333
56170695240.36266 9.523333333333333
56170695353.9584 9.523333333333333
