6.7015451811472575 10.351666666666667
2.4355670837402346 10.166666666666666
2.308899381510417 11.151666666666667
2.304338506825765 11.173333333333334
2.303300617345174 11.178333333333333
2.3026429356892906 11.186666666666667
2.302473428853353 11.185
2.302367333094279 11.185
2.3023084042867024 11.186666666666667
2.302268258794149 11.186666666666667
2.3022437714894615 11.186666666666667
2.3022285025278726 11.188333333333333
2.302218610127767 11.188333333333333
2.302212105433146 11.188333333333333
2.3022070625305178 11.188333333333333
2.3022034980773927 11.188333333333333
2.3022014045715333 11.188333333333333
2.3021997545878095 11.188333333333333
2.3021985490163166 11.188333333333333
2.3021978852589924 11.188333333333333
2.3021975641886394 11.188333333333333
2.3021973125457764 11.188333333333333
2.3021968245188393 11.188333333333333
2.302196662648519 11.188333333333333
2.302196497344971 11.188333333333333
2.3021964767456056 11.188333333333333
2.302196759796143 11.188333333333333
2.3021964518229168 11.188333333333333
2.302196348953247 11.188333333333333
2.302196662902832 11.188333333333333
