3.5770755510965984 11.076666666666666
3.5770755535125733 11.076666666666666
3.5770755513509114 11.076666666666666
3.5770755555470783 11.076666666666666
3.577075561141968 11.076666666666666
3.577075558980306 11.076666666666666
3.577075545501709 11.076666666666666
3.5770755477905274 11.076666666666666
3.577075556310018 11.076666666666666
3.5770755582173663 11.076666666666666
3.577075561396281 11.076666666666666
3.577075553894043 11.076666666666666
3.5770755612691243 11.076666666666666
3.577075557581584 11.076666666666666
3.57707554397583 11.076666666666666
3.57707555809021 11.076666666666666
3.577075552113851 11.076666666666666
3.577075564066569 11.076666666666666
3.5770755667368572 11.076666666666666
3.577075556691488 11.076666666666666
3.577075558980306 11.076666666666666
3.577075545883179 11.076666666666666
3.5770755634307863 11.076666666666666
3.5770755477905274 11.076666666666666
3.5770755546569823 11.076666666666666
3.577075545247396 11.076666666666666
3.5770755564371743 11.076666666666666
3.5770755641937257 11.076666666666666
3.5770755453745524 11.076666666666666
3.57707555363973 11.076666666666666
