2.3148597915649414 9.736666666666666
2.314859796269735 9.736666666666666
2.3148598049163818 9.736666666666666
2.3148597882588704 9.736666666666666
2.314859800974528 9.736666666666666
2.3148597997029623 9.736666666666666
2.314859794489543 9.736666666666666
2.314859792582194 9.736666666666666
2.3148597957611083 9.736666666666666
2.3148597963968913 9.736666666666666
2.3148597955067953 9.736666666666666
2.3148597957611083 9.736666666666666
2.3148597979227703 9.736666666666666
2.314859791056315 9.736666666666666
2.314859791056315 9.736666666666666
2.314859792327881 9.736666666666666
2.3148597993214923 9.736666666666666
2.314859798940023 9.736666666666666
2.3148598060607912 9.736666666666666
2.31485979830424 9.736666666666666
2.31485979385376 9.736666666666666
2.3148598035176593 9.736666666666666
2.314859792582194 9.736666666666666
2.3148598005930583 9.736666666666666
2.314859791437785 9.736666666666666
2.3148597951253254 9.736666666666666
2.3148597994486493 9.736666666666666
2.314859797795614 9.736666666666666
2.314859796269735 9.736666666666666
2.3148597928365073 9.736666666666666
