154019124837124.22 10.295
3763407516220085.5 10.283333333333333
1.4788888519555084e+16 10.275
2.9960340057743932e+16 10.263333333333334
4.429341276742748e+16 10.251666666666667
5.543520442089147e+16 10.243333333333334
6.338199241536164e+16 10.233333333333333
6.879270493883634e+16 10.228333333333333
7.236328553375674e+16 10.226666666666667
7.467508680106264e+16 10.225
7.616841000690699e+16 10.223333333333333
7.713470679185453e+16 10.223333333333333
7.775483709486845e+16 10.221666666666666
7.816217335544386e+16 10.22
7.841881509238306e+16 10.22
7.859197940515254e+16 10.218333333333334
7.871344552872422e+16 10.218333333333334
7.877454405214059e+16 10.218333333333334
7.874708141277467e+16 10.22
7.870138256217227e+16 10.221666666666666
7.869067179792664e+16 10.221666666666666
7.870599154998915e+16 10.221666666666666
7.864264682739646e+16 10.221666666666666
7.85860286603898e+16 10.221666666666666
7.855278286473968e+16 10.221666666666666
7.851950953548589e+16 10.221666666666666
7.849029261615526e+16 10.221666666666666
7.849029303763472e+16 10.221666666666666
7.849029274901291e+16 10.221666666666666
7.849029268487474e+16 10.221666666666666
