0.5507134267568589 85.57166666666667
0.37445609797437984 92.26666666666667
0.3995886042416096 92.31666666666666
0.6291912439472973 92.41666666666667
1.105063481957446 92.36
1.5374890626488253 92.33333333333333
1.9049384040155746 92.345
2.2082503542183063 92.34333333333333
2.439411457430839 92.34666666666666
2.602149058967332 92.35166666666667
2.7269362348335466 92.35
2.813809171700233 92.34666666666666
2.8754349052716544 92.34666666666666
2.920586760674914 92.345
2.951340107487282 92.34666666666666
2.9730238371897952 92.34666666666666
2.9888995037420694 92.34666666666666
2.999023443207168 92.34666666666666
3.006283097589742 92.34666666666666
3.0114887728864947 92.34666666666666
3.015236821409583 92.34666666666666
3.0179615408941887 92.34666666666666
3.0198797625641105 92.34666666666666
3.0211850464438137 92.34666666666666
3.0220864649668338 92.34666666666666
3.0227087272321724 92.34666666666666
3.0231331939057466 92.34666666666666
3.0234298120360763 92.34666666666666
3.023622056208402 92.34666666666666
3.023749496678888 92.34666666666666
