0.2982556756734848 91.41666666666667
0.19119739705324174 94.59333333333333
0.2463322902361552 92.76333333333334
0.4025306955893834 87.47
0.8142505719502767 76.175
0.7686747684319815 79.85666666666667
0.8300161146481831 79.57
0.8765536534309387 79.48666666666666
0.8379206078370413 80.985
0.8811849016825358 80.43833333333333
0.8939360316594441 80.50166666666667
0.8911239239851634 80.79
0.8993033985773722 80.76666666666667
0.9077304222106933 80.68833333333333
0.9122020959695181 80.66166666666666
0.9152969578742981 80.655
0.915405200068156 80.68333333333334
0.9174032729784648 80.68
0.9175546391805013 80.68666666666667
0.9181849822998047 80.68166666666667
0.9184673156181972 80.68333333333334
0.9186312849362691 80.68333333333334
0.9189416521231334 80.685
0.9190109283924103 80.685
0.919039738368988 80.685
0.9191090203126272 80.685
0.9192336585203806 80.685
0.9192372696876526 80.685
0.919287305132548 80.685
0.919287310775121 80.685
