1.9810128167470296 33.14
2.114389839108785 33.416666666666664
2.196104941177368 33.545
2.2478871011098227 33.58833333333333
2.2829403690973917 33.67666666666667
2.30814278755188 33.695
2.3262291051228843 33.68
2.3388638324737547 33.68
2.347419022369385 33.663333333333334
2.353529263051351 33.66
2.3577017102559408 33.655
2.3606479272206626 33.65833333333333
2.362700788497925 33.65833333333333
2.3641401542663574 33.65833333333333
2.3651420993169148 33.65833333333333
2.3658404202779133 33.66
2.3663278025309245 33.656666666666666
2.366671719487508 33.65833333333333
2.3669119462331136 33.656666666666666
2.3670839614868164 33.655
2.3672029103597003 33.655
2.367282811609904 33.656666666666666
2.367337505976359 33.656666666666666
2.3673710558573404 33.656666666666666
2.3673943486531575 33.656666666666666
2.367408999379476 33.656666666666666
2.3674199610392255 33.656666666666666
2.3674286786397296 33.656666666666666
2.3674346474965415 33.656666666666666
2.367439409001668 33.656666666666666
