1.686759189414978 44.065
1.6867591876983643 44.065
1.6867591860453288 44.065
1.6867591884613038 44.065
1.6867591851552328 44.065
1.6867591914494833 44.065
1.686759187634786 44.065
1.6867591849644978 44.065
1.686759187444051 44.065
1.6867591885884603 44.065
1.6867591905593873 44.065
1.6867591926574708 44.065
1.6867591904322305 44.065
1.6867591878255208 44.065
1.68675919119517 44.065
1.6867591873168946 44.065
1.6867591868082683 44.065
1.686759188079834 44.065
1.6867591884613038 44.065
1.686759187889099 44.065
1.6867591882069906 44.065
1.6867591854095458 44.065
1.686759186108907 44.065
1.6867591877619426 44.065
1.6867591901143393 44.065
1.686759189860026 44.065
1.6867591908772785 44.065
1.6867591845194498 44.065
1.6867591826756796 44.065
1.6867591847101848 44.065
