245667033.6 9.913333333333334
783145614.0629333 9.915
1076160446.2933333 9.915
1255729031.5776 9.916666666666666
1381698253.4144 9.916666666666666
1470563721.0794666 9.916666666666666
1533968520.9429333 9.916666666666666
1578831912.3456 9.916666666666666
1610068247.552 9.916666666666666
1632192112.2304 9.916666666666666
1647604531.4730666 9.916666666666666
1658380362.6154666 9.916666666666666
1665909969.7834666 9.916666666666666
1671206984.3626666 9.916666666666666
1674919173.3248 9.916666666666666
1677515349.0602667 9.916666666666666
1679317368.0810666 9.916666666666666
1680586286.0117333 9.916666666666666
1681485362.0394666 9.916666666666666
1682122476.4074667 9.916666666666666
1682503976.4138668 9.916666666666666
1682758371.9424 9.916666666666666
1682937023.0784 9.916666666666666
1682939050.1205332 9.916666666666666
1682940451.0208 9.916666666666666
1682940675.5498667 9.916666666666666
1682940674.3893332 9.916666666666666
1682940678.6901333 9.916666666666666
1682940673.8432 9.916666666666666
1682940676.096 9.916666666666666
