10988504196858.95 10.901666666666667
1.4344640403513418e+16 10.195
2.8570485932294688e+17 10.221666666666666
7.62053042620554e+17 10.213333333333333
1.1855693668488712e+18 10.218333333333334
1.533574110343267e+18 10.221666666666666
1.8196901827360694e+18 10.22
2.040552233801451e+18 10.221666666666666
2.1982338305391142e+18 10.221666666666666
2.3015292775056527e+18 10.221666666666666
2.3679143280349604e+18 10.221666666666666
2.4109047944889677e+18 10.221666666666666
2.4385721810252657e+18 10.221666666666666
2.456712241985679e+18 10.221666666666666
2.468376025820066e+18 10.221666666666666
2.4757946081605463e+18 10.221666666666666
2.480669942260558e+18 10.221666666666666
2.4838805574086994e+18 10.221666666666666
2.4857876757202396e+18 10.221666666666666
2.4846995179427354e+18 10.221666666666666
2.4829776418318054e+18 10.221666666666666
2.4817409968414894e+18 10.221666666666666
2.482460322930351e+18 10.221666666666666
2.48283820352639e+18 10.221666666666666
2.483216535875106e+18 10.221666666666666
2.483586434383231e+18 10.221666666666666
2.4835895303147715e+18 10.221666666666666
2.4835895257701233e+18 10.221666666666666
2.483589537938052e+18 10.221666666666666
2.483589539404068e+18 10.221666666666666
