2.342581108856201 9.915
2.34258110148112 9.915
2.342581100463867 9.915
2.3425810994466145 9.915
2.342581101989746 9.915
2.342581110127767 9.915
2.3425811038970945 9.915
2.3425811058044435 9.915
2.3425810921986896 9.915
2.3425810970306395 9.915
2.3425811073303224 9.915
2.342581105295817 9.915
2.342581101989746 9.915
2.342581115468343 9.915
2.342581106821696 9.915
2.34258110148112 9.915
2.342581100209554 9.915
2.3425811066945395 9.915
2.3425810989379885 9.915
2.342581098175049 9.915
2.342581093343099 9.915
2.3425811000823975 9.915
2.3425811060587565 9.915
2.342581098683675 9.915
2.3425810994466145 9.915
2.342581104151408 9.915
2.342581099065145 9.915
2.342581095759074 9.915
2.342581108983358 9.915
2.34258111076355 9.915
