2.3107165297190346 14.956666666666667
2.310716536839803 14.956666666666667
2.3107165376027425 14.956666666666667
2.3107165373484295 14.956666666666667
2.3107165327707926 14.956666666666667
2.3107165376027425 14.956666666666667
2.310716542561849 14.956666666666667
2.3107165340423585 14.956666666666667
2.31071653620402 14.956666666666667
2.3107165351867676 14.956666666666667
2.310716532643636 14.956666666666667
2.3107165367126465 14.956666666666667
2.310716533279419 14.956666666666667
2.3107165391286215 14.956666666666667
2.310716535695394 14.956666666666667
2.310716535313924 14.956666666666667
2.3107165417989095 14.956666666666667
2.310716540145874 14.956666666666667
2.3107165376027425 14.956666666666667
2.310716537475586 14.956666666666667
2.3107165391286215 14.956666666666667
2.310716535949707 14.956666666666667
2.3107165387471515 14.956666666666667
2.310716538874308 14.956666666666667
2.31071653137207 14.956666666666667
2.310716546758016 14.956666666666667
2.310716540145874 14.956666666666667
2.310716530609131 14.956666666666667
2.3107165367126465 14.956666666666667
2.3107165349324545 14.956666666666667
