0.5905378444194793 87.64333333333333
1.7588910901625951 87.67333333333333
3.732680022176107 89.67666666666666
16.136472028986613 84.42833333333333
29.4669508049647 81.95166666666667
37.314930087534584 80.59666666666666
42.28442199961344 80.07666666666667
44.1065433303833 79.81666666666666
43.983679268137614 79.50666666666666
46.98178656279246 79.53166666666667
45.242101363627114 79.41166666666666
43.369927158610025 79.20666666666666
44.87040642191569 79.285
44.61530673408508 79.23666666666666
44.11614951095581 79.195
44.11887647603353 79.17833333333333
44.14885524698893 79.16666666666667
43.988932233174644 79.145
43.925975056966145 79.14
43.92496280822754 79.13833333333334
43.87598183720907 79.135
43.88659876785278 79.135
43.868165798950194 79.13666666666667
43.86860061747233 79.13833333333334
43.87075212707519 79.14166666666667
43.867574442799885 79.14
43.86354227905274 79.13833333333334
43.86127151514689 79.13833333333334
43.86797022908529 79.14
43.87547393163045 79.14333333333333
