2.324148066457113 4.726666666666667
2.3241480762481688 4.726666666666667
2.3241480723063153 4.726666666666667
2.3241480751037598 4.726666666666667
2.3241480749766033 4.726666666666667
2.324148071797689 4.726666666666667
2.3241480608622234 4.726666666666667
2.32414806543986 4.726666666666667
2.3241480731964113 4.726666666666667
2.324148068491618 4.726666666666667
2.3241480695088703 4.726666666666667
2.3241480785369872 4.726666666666667
2.3241480620066324 4.726666666666667
2.324148065185547 4.726666666666667
2.3241480756123862 4.726666666666667
2.3241480648040773 4.726666666666667
2.324148062260946 4.726666666666667
2.324148071161906 4.726666666666667
2.3241480674743653 4.726666666666667
2.3241480707804363 4.726666666666667
2.324148070017497 4.726666666666667
2.3241480723063153 4.726666666666667
2.324148065185547 4.726666666666667
2.3241480715433758 4.726666666666667
2.32414807027181 4.726666666666667
2.3241480765024822 4.726666666666667
2.3241480752309163 4.726666666666667
2.3241480662027993 4.726666666666667
2.3241480628967284 4.726666666666667
2.324148068237305 4.726666666666667
