2.707021277999878 11.305
2.707021270751953 11.305
2.707021266555786 11.305
2.707021272277832 11.305
2.7070212727864584 11.305
2.7070212774912514 11.305
2.707021272532145 11.305
2.707021274058024 11.305
2.707021259689331 11.305
2.707021268971761 11.305
2.7070212712605795 11.305
2.7070212727864584 11.305
2.707021271133423 11.305
2.70702126121521 11.305
2.70702126083374 11.305
2.707021272913615 11.305
2.707021269226074 11.305
2.7070212668100995 11.305
2.7070212659200035 11.305
2.7070212670644125 11.305
2.7070212757110594 11.305
2.707021269353231 11.305
2.7070212615966796 11.305
2.707021269226074 11.305
2.707021265157064 11.305
2.7070212646484375 11.305
2.707021272277832 11.305
2.7070212685902915 11.305
2.707021274693807 11.305
2.707021268463135 11.305
