2.3130437522888183 9.736666666666666
2.3130437567392983 9.736666666666666
2.313043749745687 9.736666666666666
2.3130437543233238 9.736666666666666
2.3130437580108643 9.736666666666666
2.313043751525879 9.736666666666666
2.313043766148885 9.736666666666666
2.3130437564849853 9.736666666666666
2.3130437525431313 9.736666666666666
2.3130437547047933 9.736666666666666
2.3130437540690103 9.736666666666666
2.3130437642415362 9.736666666666666
2.313043762842814 9.736666666666666
2.313043761062622 9.736666666666666
2.3130437525431313 9.736666666666666
2.3130437608083088 9.736666666666666
2.313043767547607 9.736666666666666
2.3130437582651773 9.736666666666666
2.3130437573750813 9.736666666666666
2.3130437511444093 9.736666666666666
2.3130437605539957 9.736666666666666
2.3130437638600667 9.736666666666666
2.313043761062622 9.736666666666666
2.3130437605539957 9.736666666666666
2.3130437606811522 9.736666666666666
2.313043751525879 9.736666666666666
2.313043751907349 9.736666666666666
2.313043753687541 9.736666666666666
2.3130437653859457 9.736666666666666
2.3130437554677328 9.736666666666666
