6437405933.021867 4.9366666666666665
48683589142.664536 4.935
98011414453.72586 4.933333333333334
130744151345.28853 4.931666666666667
150028841482.10345 4.933333333333334
161578048133.5296 4.931666666666667
168898414737.27145 4.931666666666667
173816798047.98294 4.931666666666667
177122647360.58026 4.931666666666667
179435918336.54614 4.931666666666667
181057009370.18027 4.931666666666667
182197089931.53708 4.931666666666667
182997502997.2992 4.931666666666667
183562113061.13705 4.931666666666667
183953512516.8128 4.931666666666667
184234080757.3504 4.931666666666667
184427487987.84854 4.931666666666667
184556988731.66507 4.931666666666667
184646086243.1232 4.931666666666667
184707483050.53012 4.931666666666667
184750493348.6592 4.931666666666667
184781530210.85013 4.931666666666667
184802924796.3136 4.931666666666667
184816712356.11307 4.931666666666667
184827220276.0192 4.931666666666667
184837671170.8672 4.931666666666667
184841658966.56213 4.931666666666667
184841658590.8224 4.931666666666667
184841659219.968 4.931666666666667
184841659342.30188 4.931666666666667
