16.976317908732096 26.573333333333334
33.39519123535156 26.27166666666667
45.99401462809245 26.303333333333335
55.519309185791016 26.35333333333333
62.76021893310547 26.358333333333334
68.06467514444986 26.343333333333334
72.23836840209961 26.315
74.96987868448893 26.333333333333332
76.90171348876953 26.31833333333333
78.3216292154948 26.326666666666668
79.32803869222005 26.32
80.04788591308593 26.316666666666666
80.55178195800781 26.32
80.87623688557943 26.32
81.11748496500651 26.32
81.27886275227864 26.32
81.39161459554036 26.32
81.4734121114095 26.32
81.53028147379557 26.321666666666665
81.56899686279297 26.32
81.59797481689453 26.32
81.61797535807291 26.32
81.63261888020833 26.31833333333333
81.64369270019532 26.31833333333333
81.65334314371745 26.31833333333333
81.65862391764323 26.315
81.65944380289713 26.315
81.65943179117839 26.315
81.65942224527994 26.315
81.659422265625 26.315
