11584970053962.957 15.39
74316359510104.47 15.391666666666667
126723004561079.23 15.393333333333333
162118959386696.1 15.395
186702670148193.5 15.395
204202193928550.25 15.393333333333333
216664140510046.9 15.393333333333333
225525229334980.2 15.393333333333333
231808898425054.8 15.391666666666667
236263824056001.06 15.391666666666667
239396029879392.66 15.391666666666667
241598733519264.16 15.391666666666667
243143504683999.78 15.391666666666667
244227917354246.7 15.391666666666667
244988968432915.8 15.391666666666667
245523157361535.66 15.391666666666667
245898153309433.6 15.391666666666667
246160709760511.72 15.391666666666667
246346589475788.12 15.391666666666667
246476757792299.4 15.391666666666667
246563198688856.2 15.391666666666667
246627173774707.9 15.391666666666667
246675292583974.22 15.391666666666667
246699114467968.06 15.391666666666667
246719094718464.0 15.391666666666667
246725910733136.4 15.391666666666667
246725915556026.78 15.391666666666667
246725915171269.28 15.391666666666667
246725915207060.7 15.391666666666667
246725914983364.47 15.391666666666667
