147385352165.7856 12.213333333333333
1835495862287.2917 12.216666666666667
4873848075286.392 12.22
7636985529377.314 12.223333333333333
9542971071747.414 12.225
10729475182847.59 12.225
11442142826340.898 12.226666666666667
11879248149785.258 12.226666666666667
12153629174870.836 12.226666666666667
12332226500187.477 12.226666666666667
12451491026916.693 12.226666666666667
12531658845515.504 12.226666666666667
12586606387143.201 12.226666666666667
12623932179594.172 12.226666666666667
12650229611154.637 12.226666666666667
12668563761747.285 12.226666666666667
12680811845814.408 12.226666666666667
12689366373769.762 12.226666666666667
12695346692384.36 12.226666666666667
12699519852059.033 12.226666666666667
12702353132373.06 12.226666666666667
12704639158356.105 12.226666666666667
12705883975214.695 12.226666666666667
12707121623728.129 12.226666666666667
12708212991136.018 12.226666666666667
12708227784166.605 12.226666666666667
12708229336618.326 12.226666666666667
12708229290760.602 12.226666666666667
12708229325992.756 12.226666666666667
12708229298030.729 12.226666666666667
