2.297814576466878 8.815
2.2978145749409995 8.815
2.2978145721435546 8.815
2.297814577484131 8.815
2.29781457417806 8.815
2.297814575068156 8.815
2.297814578882853 8.815
2.2978145806630454 8.815
2.297814571507772 8.815
2.29781456934611 8.815
2.297814575068156 8.815
2.2978145731608075 8.815
2.297814564768473 8.815
2.297814582316081 8.815
2.2978145731608075 8.815
2.2978145772298175 8.815
2.297814574686686 8.815
2.297814584986369 8.815
2.297814576212565 8.815
2.2978145697275796 8.815
2.297814574813843 8.815
2.297814572397868 8.815
2.2978145736694335 8.815
2.2978145692189536 8.815
2.2978145787556965 8.815
2.297814572906494 8.815
2.297814574813843 8.815
2.297814579772949 8.815
2.297814576848348 8.815
2.2978145772298175 8.815
