2.308136209487915 9.095
2.3081362144470217 9.095
2.308136223602295 9.095
2.308136215464274 9.095
2.3081362255096436 9.095
2.3081362147013347 9.095
2.3081362180074056 9.095
2.308136217498779 9.095
2.308136211268107 9.095
2.308136213684082 9.095
2.3081362108866372 9.095
2.308136223602295 9.095
2.308136224492391 9.095
2.308136220550537 9.095
2.308136214574178 9.095
2.3081362155914307 9.095
2.3081362188975016 9.095
2.308136219406128 9.095
2.3081362167358397 9.095
2.308136213048299 9.095
2.3081362171173097 9.095
2.308136213302612 9.095
2.308136214828491 9.095
2.3081362159729 9.095
2.3081362224578856 9.095
2.3081362068176268 9.095
2.308136224746704 9.095
2.30813622080485 9.095
2.3081362233479816 9.095
2.308136213938395 9.095
