16.02886023763021 38.891666666666666
41.18621598307292 38.69166666666667
65.04831423136393 38.62
84.97455559488932 38.58
99.74627013346354 38.56666666666667
111.25468707682292 38.56166666666667
119.31285668945313 38.571666666666665
125.2150677001953 38.565
129.7031073404948 38.56166666666667
132.72487683919272 38.55166666666667
134.8742854248047 38.555
136.35482019856772 38.553333333333335
137.4053604654948 38.55
138.1360075805664 38.55
138.66211775716147 38.55
139.03314791666668 38.55166666666667
139.2852936279297 38.55166666666667
139.46862153320313 38.55166666666667
139.59279056803385 38.55166666666667
139.67971656901042 38.55166666666667
139.7424852294922 38.55166666666667
139.78405209147135 38.55166666666667
139.81507849934897 38.55166666666667
139.83585248209636 38.55166666666667
139.8504021484375 38.55166666666667
139.8595720296224 38.55166666666667
139.8645072265625 38.55166666666667
139.86629025065105 38.55166666666667
139.86667906901042 38.55166666666667
139.86667919108072 38.55166666666667
