0.8967623023986816 73.55666666666667
0.8554125497817994 75.49166666666666
0.8449093515396118 75.33833333333334
0.8451933668454488 75.27333333333333
0.8470527405103048 75.22166666666666
0.848715490023295 75.165
0.8497796661376953 75.14
0.8505669574737549 75.11333333333333
0.8511548010190328 75.09666666666666
0.8515870683987935 75.09
0.85186703526179 75.08166666666666
0.8520652162233988 75.07666666666667
0.8522144750277202 75.06666666666666
0.8523182669639587 75.06166666666667
0.8523835496902465 75.06333333333333
0.8524276033719381 75.06
0.8524607612609864 75.05666666666667
0.8524848933855692 75.05833333333334
0.8525022375106811 75.055
0.8525147443135579 75.05166666666666
0.8525234011967977 75.05
0.8525284945805868 75.05
0.8525324021975199 75.05
0.8525350917498271 75.05
0.8525366243362427 75.05
0.8525381076494852 75.05
0.8525388414382935 75.05
0.8525395404815674 75.05
0.8525396124204 75.05
0.8525398710568746 75.05
