2.3461593561808267 9.886666666666667
2.3461593603769937 9.886666666666667
2.3461593527475992 9.886666666666667
2.346159362665812 9.886666666666667
2.3461593580881757 9.886666666666667
2.3461593477884928 9.886666666666667
2.346159363047282 9.886666666666667
2.3461593546549477 9.886666666666667
2.346159356943766 9.886666666666667
2.3461593467712403 9.886666666666667
2.346159358215332 9.886666666666667
2.3461593530019123 9.886666666666667
2.3461593552907307 9.886666666666667
2.3461593619028727 9.886666666666667
2.3461593476613363 9.886666666666667
2.3461593589782717 9.886666666666667
2.3461593652089436 9.886666666666667
2.3461593607584637 9.886666666666667
2.346159357833862 9.886666666666667
2.34615936050415 9.886666666666667
2.3461593603769937 9.886666666666667
2.346159357325236 9.886666666666667
2.3461593585968017 9.886666666666667
2.346159348042806 9.886666666666667
2.3461593535105387 9.886666666666667
2.3461593510945637 9.886666666666667
2.3461593556722007 9.886666666666667
2.3461593546549477 9.886666666666667
2.3461593513488768 9.886666666666667
2.3461593546549477 9.886666666666667
