1.0606351709365844 62.8
1.0606351665814717 62.8
1.0606351709047954 62.8
1.0606351709683737 62.8
1.0606351656595865 62.8
1.0606351653416952 62.8
1.0606351685206095 62.8
1.0606351727167764 62.8
1.0606351713180542 62.8
1.0606351672490437 62.8
1.0606351656595865 62.8
1.0606351683298747 62.8
1.0606351696014404 62.8
1.0606351704279582 62.8
1.0606351702372232 62.8
1.060635171063741 62.8
1.060635169474284 62.8
1.0606351706822714 62.8
1.060635167503357 62.8
1.060635169951121 62.8
1.0606351714134217 62.8
1.060635169029236 62.8
1.0606351702372232 62.8
1.0606351703008017 62.8
1.0606351685206095 62.8
1.060635169061025 62.8
1.0606351661046347 62.8
1.0606351686477662 62.8
1.060635172144572 62.8
1.0606351704915364 62.8
