1181113236.6848 10.0
118775384556210.31 10.0
3905907258862740.0 10.0
1.0245014139745756e+16 10.0
1.6542398804940642e+16 10.0
2.4003084123417748e+16 10.0
3.3323201099196828e+16 10.0
4.418540638073073e+16 10.0
5.574312023561521e+16 10.0
6.7011032318672024e+16 10.0
7.643600394022942e+16 10.0
8.355178938668032e+16 10.0
8.842911958591386e+16 10.0
9.197607942292902e+16 10.0
9.439211304106506e+16 10.0
9.598646124672989e+16 10.0
9.716789612524584e+16 10.0
9.800150425239829e+16 10.0
9.856321284802923e+16 10.0
9.895363061165976e+16 10.0
9.922143514498125e+16 10.0
9.940007543797392e+16 10.0
9.9511597271437e+16 10.0
9.958492902078088e+16 10.0
9.963505854590194e+16 10.0
9.966594588223853e+16 10.0
9.966237089119094e+16 10.0
9.963151020197678e+16 10.0
9.961200127396205e+16 10.0
9.960735211732037e+16 10.0
