57.28658311564128 11.745
81.86223224283854 32.998333333333335
158.47779712727865 28.811666666666667
179.72093715820313 28.941666666666666
179.72093901367188 28.941666666666666
179.72094112141926 28.94
179.72094104817708 28.941666666666666
179.7209364868164 28.941666666666666
179.72094070638022 28.941666666666666
179.72093881835937 28.941666666666666
179.72093946940103 28.941666666666666
179.72093553059895 28.941666666666666
179.72093786621093 28.94
179.72093834635416 28.941666666666666
179.72093693033855 28.941666666666666
179.72094046223958 28.941666666666666
179.72093970540365 28.941666666666666
179.72093986816407 28.941666666666666
179.720938671875 28.941666666666666
179.72093932291668 28.941666666666666
179.72094213053384 28.941666666666666
179.72094072265625 28.941666666666666
179.7209385172526 28.941666666666666
179.72094088541667 28.94
179.72094010823568 28.941666666666666
179.72093662109376 28.941666666666666
179.72093803710936 28.941666666666666
179.72093636474608 28.941666666666666
179.7209418375651 28.941666666666666
179.72093877766926 28.941666666666666
