2.3127127446492515 11.135
2.312712745412191 11.135
2.3127127385457356 11.135
2.3127127349853516 11.135
2.312712742869059 11.135
2.312712745285034 11.135
2.312712736638387 11.135
2.3127127403259276 11.135
2.312712750498454 11.135
2.312712746302287 11.135
2.3127127403259276 11.135
2.3127127464294435 11.135
2.3127127446492515 11.135
2.3127127415974935 11.135
2.3127127445220945 11.135
2.3127127473195395 11.135
2.312712749862671 11.135
2.3127127465566 11.135
2.312712741978963 11.135
2.3127127457936605 11.135
2.3127127400716145 11.135
2.312712744394938 11.135
2.3127127368927 11.135
2.3127127424875895 11.135
2.3127127479553224 11.135
2.312712750752767 11.135
2.3127127319335936 11.135
2.312712739308675 11.135
2.31271274172465 11.135
2.3127127449035645 11.135
