11.607035285186768 64.25833333333334
21.392433521525064 63.24333333333333
14.853394669850667 71.54666666666667
11.652704529571533 76.73333333333333
9.046639633051555 76.62666666666667
12.789684391530354 77.07333333333334
16.296380465189618 77.09666666666666
19.165389242045084 77.05666666666667
21.411903510538735 77.03666666666666
23.117335157267252 77.035
24.340281908162435 77.04
25.22482038116455 77.03833333333333
25.879789295959473 77.03333333333333
26.334472617085776 77.03666666666666
26.651310948181152 77.02833333333334
26.876146569315594 77.03166666666667
27.038524739074706 77.03166666666667
27.1513512395223 77.03
27.22896687266032 77.03166666666667
27.28234965540568 77.03
27.318914963531494 77.03
27.345774508158367 77.03
27.364782283528644 77.03
27.377963893636068 77.03
27.38692179209391 77.03
27.393067745463053 77.02833333333334
27.39748590037028 77.02833333333334
27.400497718811035 77.02833333333334
27.402577218119305 77.02833333333334
27.403615461730958 77.02833333333334
