1.1143005052725474 74.49333333333334
0.8446825951258341 74.19
0.8754044282595317 74.20333333333333
0.8045165410995483 74.19333333333333
0.8229826526959737 74.17333333333333
0.8279077960332235 74.16333333333333
0.8112694886525472 74.145
0.7990963351885477 74.13333333333334
0.7915183908144633 74.12
0.7869720467567444 74.105
0.7837710879961649 74.09666666666666
0.7827105521519979 74.09666666666666
0.7825843612353007 74.09333333333333
0.7813078642209371 74.08833333333334
0.781032681719462 74.08833333333334
0.7810000803947449 74.09
0.7807795616149902 74.08833333333334
0.7806562996864319 74.09
0.7806363333702088 74.08833333333334
0.7805889315605163 74.08833333333334
0.7805856064796448 74.08666666666667
0.7805547165234884 74.08666666666667
0.7805405456225077 74.08666666666667
0.7805217752774557 74.08666666666667
0.780522211265564 74.08666666666667
0.780515155951182 74.08666666666667
0.7805140811284383 74.08666666666667
0.7805139918168386 74.08666666666667
0.7805132350762685 74.08666666666667
0.7805116243362427 74.08666666666667
