56.75839809977214 9.805
36.40637840576172 8.95
47.84384230143229 9.041666666666666
57.667177974446616 9.243333333333334
66.16298153279622 9.278333333333334
71.81609305419921 9.366666666666667
76.10240319824219 9.336666666666666
78.96233142496745 9.385
80.9230342569987 11.036666666666667
82.13655577799479 11.025
83.03260928548177 11.016666666666667
83.73416622314453 11.018333333333333
84.17454366861979 11.018333333333333
84.48935672607422 11.036666666666667
84.69807668863932 11.041666666666666
84.8495267964681 11.043333333333333
84.93751768798828 11.046666666666667
85.00476711832682 11.031666666666666
85.05462436930338 11.03
85.09286298014322 11.021666666666667
85.1163312906901 11.023333333333333
85.12963520507813 11.021666666666667
85.13687879638672 11.025
85.13505229085287 11.025
85.13244128621419 11.023333333333333
85.12951014811198 11.023333333333333
85.12751446940104 11.023333333333333
85.12751539713541 11.023333333333333
85.12787779541016 11.023333333333333
85.12781400960286 11.023333333333333
