0.651561979786555 81.55833333333334
0.27921014593442284 91.945
0.27940051577488584 91.95333333333333
0.27940051575104397 91.95333333333333
0.2794005176862081 91.95333333333333
0.27940051554441453 91.95333333333333
0.2794005191485087 91.95333333333333
0.2794005159298579 91.95333333333333
0.27940051721731823 91.95333333333333
0.27940051589608195 91.95333333333333
0.2794005162477493 91.95333333333333
0.27940051528612775 91.95333333333333
0.2794005156993866 91.95333333333333
0.2794005165020625 91.95333333333333
0.27940051606496175 91.95333333333333
0.27940051447550457 91.95333333333333
0.2794005157073339 91.95333333333333
0.27940051722923914 91.95333333333333
0.2794005163391431 91.95333333333333
0.2794005186319351 91.95333333333333
0.27940051758289336 91.95333333333333
0.2794005157073339 91.95333333333333
0.27940051588614784 91.95333333333333
0.27940051328341164 91.95333333333333
0.2794005157907804 91.95333333333333
0.2794005142291387 91.95333333333333
0.2794005167126656 91.95333333333333
0.2794005136728287 91.95333333333333
0.279400514793396 91.95333333333333
0.27940051518877346 91.95333333333333
