1.4768478003184 39.39333333333333
1.852983761024475 44.78333333333333
2.0994562984466554 53.40833333333333
6.947255220540365 46.78666666666667
3.1561105678558348 42.095
2.5803648730595907 37.30833333333333
2.414032977549235 34.958333333333336
2.353179918797811 33.81666666666667
2.3344264949798585 32.75833333333333
2.3384798302968344 32.26
2.3545163518269856 31.721666666666668
2.371664739863078 31.451666666666668
2.386394946416219 31.305
2.398661927922567 31.111666666666668
2.4084962900797526 30.898333333333333
2.4150702131907145 30.723333333333333
2.4202152338663736 30.55
2.4238115990956626 30.428333333333335
2.4258965615590413 30.366666666666667
2.4273202476501465 30.335
2.4282943671544395 30.326666666666668
2.4289335318247476 30.276666666666667
2.429303503672282 30.25
2.4295971731821697 30.258333333333333
2.4297186332066856 30.25
2.4297436482747394 30.246666666666666
2.4297311383565265 30.246666666666666
2.4297338347117106 30.246666666666666
2.429736266708374 30.245
2.429735751215617 30.245
