2.307513273239136 9.736666666666666
2.3075132780710854 9.736666666666666
2.3075132832845053 9.736666666666666
2.307513277053833 9.736666666666666
2.307513275273641 9.736666666666666
2.3075132762908934 9.736666666666666
2.307513275909424 9.736666666666666
2.3075132826487224 9.736666666666666
2.307513274383545 9.736666666666666
2.307513274129232 9.736666666666666
2.307513280359904 9.736666666666666
2.30751327679952 9.736666666666666
2.307513273493449 9.736666666666666
2.307513280359904 9.736666666666666
2.3075132760365804 9.736666666666666
2.3075132795969644 9.736666666666666
2.307513282775879 9.736666666666666
2.307513274637858 9.736666666666666
2.307513269297282 9.736666666666666
2.307513272603353 9.736666666666666
2.3075132645924885 9.736666666666666
2.307513279469808 9.736666666666666
2.307513268661499 9.736666666666666
2.3075132738749184 9.736666666666666
2.3075132790883384 9.736666666666666
2.3075132705688475 9.736666666666666
2.307513275909424 9.736666666666666
2.307513276163737 9.736666666666666
2.307513270187378 9.736666666666666
2.30751328163147 9.736666666666666
