1.6202058493932088 57.791666666666664
4.594802965418498 51.528333333333336
1.4111825954437256 65.70666666666666
1.4109750282923381 65.72833333333334
1.410975024731954 65.72833333333334
1.4109750434875488 65.72833333333334
1.4109750298817954 65.72833333333334
1.4109750385920208 65.72833333333334
1.4109750277519226 65.72833333333334
1.410975039800008 65.72833333333334
1.4109750394185383 65.72833333333334
1.4109750451405842 65.72833333333334
1.410975041325887 65.72833333333334
1.410975033823649 65.72833333333334
1.4109750177383422 65.72833333333334
1.4109750160217285 65.72833333333334
1.410975043773651 65.72833333333334
1.4109750328699748 65.72833333333334
1.410975035603841 65.72833333333334
1.4109750449498495 65.72833333333334
1.4109750301996866 65.72833333333334
1.410975032043457 65.72833333333334
1.41097504901886 65.72833333333334
1.410975013923645 65.72833333333334
1.4109750215530394 65.72833333333334
1.41097503490448 65.72833333333334
1.4109750167210897 65.72833333333334
1.410975012588501 65.72833333333334
1.4109750321070353 65.72833333333334
1.4109750390370688 65.72833333333334
