109328390537731.55 12.92
724619661179477.5 12.923333333333334
1113914027007943.2 12.918333333333333
1343306800421107.5 12.915
1500914651020674.0 12.915
1612233677273353.5 12.918333333333333
1691251282135325.0 12.916666666666666
1747156855656039.5 12.915
1786713090560517.8 12.915
1814713660335281.5 12.915
1834347025864816.5 12.915
1848120230641506.8 12.915
1857732750561037.5 12.915
1864457127238566.0 12.915
1869164964443604.0 12.915
1872461769170939.8 12.915
1874770678592097.5 12.915
1876366755655529.2 12.915
1877503998714166.2 12.915
1878286137169578.0 12.915
1878891635001769.0 12.915
1879297415351457.0 12.915
1879487757493014.8 12.915
1879640285454008.2 12.915
1879793132531072.0 12.915
1879844736706299.0 12.915
1879844738925365.5 12.915
1879844736133636.8 12.915
1879844735417808.8 12.915
1879844730621762.0 12.915
