2.310394124221802 10.29
2.3103941326141357 10.29
2.310394125366211 10.29
2.310394126256307 10.29
2.310394121805827 10.29
2.310394127146403 10.29
2.3103941274007163 10.29
2.31039412244161 10.29
2.3103941305796307 10.29
2.3103941309611002 10.29
2.3103941212972003 10.29
2.31039412689209 10.29
2.310394119644165 10.29
2.3103941299438477 10.29
2.3103941258748373 10.29
2.310394134902954 10.29
2.3103941315968832 10.29
2.310394136937459 10.29
2.3103941276550293 10.29
2.3103941314697267 10.29
2.310394123077393 10.29
2.3103941275278728 10.29
2.3103941296895347 10.29
2.3103941239674888 10.29
2.310394127146403 10.29
2.3103941295623778 10.29
2.310394127782186 10.29
2.3103941304524738 10.29
2.3103941287994383 10.29
2.3103941318511962 10.29
