2.311265928777059 7.95
2.3112659229278565 7.95
2.3112659147898356 7.95
2.3112659163157145 7.95
2.3112659211476645 7.95
2.311265912246704 7.95
2.311265921529134 7.95
2.3112659131368 7.95
2.3112659222920735 7.95
2.311265920003255 7.95
2.3112659193674725 7.95
2.311265910720825 7.95
2.3112659220377605 7.95
2.311265923690796 7.95
2.3112659123738606 7.95
2.3112659169514975 7.95
2.3112659183502196 7.95
2.3112659112294516 7.95
2.3112659268697104 7.95
2.31126591796875 7.95
2.311265916188558 7.95
2.311265912882487 7.95
2.3112659174601236 7.95
2.3112659205118815 7.95
2.3112659214019775 7.95
2.311265910212199 7.95
2.3112659172058105 7.95
2.311265921910604 7.95
2.3112659136454266 7.95
2.311265907160441 7.95
