2.0568522495269774 30.48
2.056852252896627 30.48
2.0568522594451903 30.48
2.0568522588094074 30.48
2.0568522552490234 30.48
2.0568522513071694 30.48
2.056852258682251 30.48
2.056852257283529 30.48
2.0568522516886394 30.48
2.056852253087362 30.48
2.056852255312602 30.48
2.0568522580464683 30.48
2.056852249590556 30.48
2.056852246538798 30.48
2.056852252705892 30.48
2.056852257537842 30.48
2.0568522523244224 30.48
2.05685225054423 30.48
2.05685225537618 30.48
2.056852254867554 30.48
2.0568522551854453 30.48
2.056852254867554 30.48
2.0568522534688314 30.48
2.056852249654134 30.48
2.0568522492726644 30.48
2.0568522521972654 30.48
2.0568522534688314 30.48
2.056852256393433 30.48
2.056852252070109 30.48
2.0568522543589274 30.48
