35.3686566426595 31.661666666666665
336.05395747070315 29.673333333333332
814.2072550455729 29.543333333333333
1320.198453841146 30.071666666666665
1772.5606057291666 29.73
2171.2604682291667 28.828333333333333
2464.4394569010415 29.093333333333334
2675.92645078125 29.465
2856.183967838542 29.195
2976.8726234375 29.081666666666667
3063.981426953125 29.101666666666667
3122.48529609375 29.226666666666667
3165.6602286458333 29.186666666666667
3196.1681317708335 29.245
3217.8677330729165 29.248333333333335
3233.27021640625 29.246666666666666
3244.427938151042 29.243333333333332
3251.9853727864584 29.24
3256.943275520833 29.241666666666667
3260.6020928385415 29.241666666666667
3263.057185546875 29.238333333333333
3264.3498654947916 29.24
3264.826830859375 29.243333333333332
3263.7018372395833 29.245
3261.3469430989585 29.253333333333334
3259.348371484375 29.255
3257.90543125 29.25
3257.08102421875 29.246666666666666
3256.913155859375 29.245
3256.912787630208 29.245
