2.3109563864390057 9.391666666666667
2.310956389872233 9.391666666666667
2.3109563953399657 9.391666666666667
2.310956391270955 9.391666666666667
2.3109563863118487 9.391666666666667
2.31095638923645 9.391666666666667
2.310956388092041 9.391666666666667
2.310956396738688 9.391666666666667
2.310956383005778 9.391666666666667
2.3109563957214356 9.391666666666667
2.3109563953399657 9.391666666666667
2.310956393178304 9.391666666666667
2.3109563810984293 9.391666666666667
2.3109563906351727 9.391666666666667
2.310956390762329 9.391666666666667
2.3109563917795817 9.391666666666667
2.3109563850402832 9.391666666666667
2.3109563850402832 9.391666666666667
2.31095637588501 9.391666666666667
2.3109563823699952 9.391666666666667
2.3109563858032227 9.391666666666667
2.3109563940684 9.391666666666667
2.3109563891092937 9.391666666666667
2.3109563826243082 9.391666666666667
2.3109563879648842 9.391666666666667
2.3109563837687173 9.391666666666667
2.310956391652425 9.391666666666667
2.310956397628784 9.391666666666667
2.3109563935597737 9.391666666666667
2.310956390762329 9.391666666666667
