2.3134650698343915 11.088333333333333
2.3134650650024415 11.088333333333333
2.313465070470174 11.088333333333333
2.3134650694529215 11.088333333333333
2.313465061442057 11.088333333333333
2.3134650655110676 11.088333333333333
2.313465069961548 11.088333333333333
2.3134650672912596 11.088333333333333
2.3134650679270425 11.088333333333333
2.3134650641123455 11.088333333333333
2.3134650683085125 11.088333333333333
2.3134650712331135 11.088333333333333
2.3134650628407796 11.088333333333333
2.3134650773366294 11.088333333333333
2.313465062713623 11.088333333333333
2.313465064748128 11.088333333333333
2.3134650661468505 11.088333333333333
2.313465065638224 11.088333333333333
2.3134650709788005 11.088333333333333
2.3134650641123455 11.088333333333333
2.313465064875285 11.088333333333333
2.3134650676727295 11.088333333333333
2.313465068944295 11.088333333333333
2.3134650599161786 11.088333333333333
2.313465061569214 11.088333333333333
2.313465063349406 11.088333333333333
2.313465067545573 11.088333333333333
2.313465064493815 11.088333333333333
2.3134650674184165 11.088333333333333
2.313465069071452 11.088333333333333
