6.464221924082438 10.788333333333334
6.46422194035848 10.788333333333334
6.464221939341227 10.788333333333334
6.464221930440267 10.788333333333334
6.464221929677327 10.788333333333334
6.464221935780843 10.788333333333334
6.464221919250488 10.788333333333334
6.464221932474772 10.788333333333334
6.464221935017903 10.788333333333334
6.464221937306722 10.788333333333334
6.464221954854329 10.788333333333334
6.464221956380208 10.788333333333334
6.46422194442749 10.788333333333334
6.464221948750814 10.788333333333334
6.464221933746338 10.788333333333334
6.46422194442749 10.788333333333334
6.464221965789795 10.788333333333334
6.464221929677327 10.788333333333334
6.464221941121419 10.788333333333334
6.464221918233235 10.788333333333334
6.464221946207682 10.788333333333334
6.464221930185953 10.788333333333334
6.464221910349528 10.788333333333334
6.464221926625569 10.788333333333334
6.464221932220459 10.788333333333334
6.464221926371256 10.788333333333334
6.464221941121419 10.788333333333334
6.464221934509277 10.788333333333334
6.464221937306722 10.788333333333334
6.464221929168701 10.788333333333334
