2.305348850631714 10.0
2.305348853556315 10.0
2.3053488586425783 10.0
2.3053488604227703 10.0
2.305348856608073 10.0
2.305348850631714 10.0
2.3053488531748454 10.0
2.305348855717977 10.0
2.3053488585154214 10.0
2.3053488573710124 10.0
2.3053488505045574 10.0
2.3053488588968913 10.0
2.3053488606770833 10.0
2.30534885597229 10.0
2.3053488558451334 10.0
2.3053488525390624 10.0
2.305348855082194 10.0
2.3053488604227703 10.0
2.3053488576253254 10.0
2.3053488552093504 10.0
2.3053488529205324 10.0
2.305348853937785 10.0
2.305348855082194 10.0
2.3053488627115883 10.0
2.3053488540649414 10.0
2.3053488489786784 10.0
2.305348852157593 10.0
2.305348849741618 10.0
2.3053488571166993 10.0
2.3053488522847494 10.0
