2.3395526287078856 9.736666666666666
2.3395526182810467 9.736666666666666
2.33955262705485 9.736666666666666
2.3395526260375976 9.736666666666666
2.3395526251475016 9.736666666666666
2.339552622350057 9.736666666666666
2.3395526269276936 9.736666666666666
2.339552618662516 9.736666666666666
2.3395526200612387 9.736666666666666
2.3395526242574056 9.736666666666666
2.3395526251475016 9.736666666666666
2.339552621459961 9.736666666666666
2.339552619298299 9.736666666666666
2.339552624638875 9.736666666666666
2.339552616246541 9.736666666666666
2.3395526278177896 9.736666666666666
2.339552615992228 9.736666666666666
2.339552617263794 9.736666666666666
2.3395526212056477 9.736666666666666
2.339552621332804 9.736666666666666
2.339552620824178 9.736666666666666
2.339552617263794 9.736666666666666
2.339552621714274 9.736666666666666
2.339552618662516 9.736666666666666
2.3395526238759357 9.736666666666666
2.3395526299794516 9.736666666666666
2.339552623748779 9.736666666666666
2.339552620188395 9.736666666666666
2.339552623494466 9.736666666666666
2.3395526158650717 9.736666666666666
