0.6515002480824789 77.07
0.5797986020088196 79.21333333333334
0.567181831073761 80.115
0.5671818297704061 80.115
0.5671818333307902 80.115
0.5671818337440491 80.115
0.5671818304697672 80.115
0.5671818313280741 80.115
0.5671818339983622 80.115
0.567181832822164 80.115
0.567181829961141 80.115
0.5671818294525146 80.115
0.5671818311214447 80.115
0.5671818288803101 80.115
0.5671818303743998 80.115
0.5671818349679311 80.115
0.5671818339347839 80.115
0.5671818313916525 80.115
0.5671818291982015 80.115
0.5671818318367005 80.115
0.5671818305492401 80.115
0.567181831073761 80.115
0.5671818311373392 80.115
0.5671818315505981 80.115
0.5671818323771158 80.115
0.5671818335533142 80.115
0.5671818300247192 80.115
0.5671818323612213 80.115
0.5671818333307902 80.115
0.5671818298657735 80.115
