4.239524415079752 25.346666666666668
41.05070324707031 16.661666666666665
193.98953167317708 15.483333333333333
326.84666564127605 10.601666666666667
428.0966363606771 10.113333333333333
529.5985194986979 10.088333333333333
615.7988296875 10.058333333333334
680.9477476888021 10.043333333333333
732.1799633463542 10.036666666666667
763.7302073567708 10.035
795.0457323242188 10.03
811.5047299153646 10.031666666666666
824.4600078450521 10.026666666666667
835.0543711914063 10.023333333333333
842.2184033854167 10.021666666666667
846.8155094401042 10.021666666666667
850.0309676757812 10.021666666666667
852.5231506835937 10.021666666666667
854.3708807617187 10.023333333333333
855.6881399414062 10.023333333333333
856.6091049153646 10.023333333333333
857.1977811848958 10.025
857.626787532552 10.025
857.9261244466146 10.025
858.1255788085938 10.025
858.1477065429688 10.025
858.1649704752604 10.025
858.1771325520833 10.025
858.1734016927084 10.025
858.170384342448 10.025
