63427499146.17173 13.306666666666667
578959917029.7856 13.31
1315306276458.769 13.311666666666667
1905129581462.5962 13.311666666666667
2287183044857.0366 13.311666666666667
2520257198974.5664 13.313333333333333
2666854119602.0396 13.313333333333333
2759340489650.995 13.313333333333333
2819534014504.414 13.313333333333333
2859653215376.725 13.313333333333333
2886715276665.378 13.313333333333333
2905427491614.447 13.313333333333333
2918388516484.9834 13.313333333333333
2927280119681.297 13.313333333333333
2933468271791.3086 13.313333333333333
2937768266939.3237 13.313333333333333
2940804774703.9233 13.313333333333333
2942987333498.7437 13.313333333333333
2944475253755.085 13.313333333333333
2945445714897.5786 13.313333333333333
2946135255119.7354 13.313333333333333
2946632736204.3906 13.313333333333333
2946986515540.651 13.313333333333333
2947181939209.011 13.313333333333333
2947358492703.676 13.313333333333333
2947534599504.9644 13.313333333333333
2947562960969.1816 13.313333333333333
2947562957054.498 13.313333333333333
2947562954258.2954 13.313333333333333
2947562954258.2954 13.313333333333333
