70.90229506022135 11.881666666666666
70.90229488525391 11.881666666666666
70.9022951171875 11.881666666666666
70.90229525553386 11.881666666666666
70.90229519449869 11.881666666666666
70.90229531046549 11.881666666666666
70.90229485880533 11.881666666666666
70.90229530639648 11.881666666666666
70.90229522705079 11.881666666666666
70.90229524739583 11.881666666666666
70.90229524739583 11.881666666666666
70.90229520670573 11.881666666666666
70.9022953125 11.881666666666666
70.90229529622395 11.881666666666666
70.90229509073893 11.881666666666666
70.90229486897786 11.881666666666666
70.90229501139324 11.881666666666666
70.90229509684245 11.881666666666666
70.90229510904948 11.881666666666666
70.90229532877605 11.881666666666666
70.90229543253581 11.881666666666666
70.90229498291015 11.881666666666666
70.90229543863933 11.881666666666666
70.90229494832357 11.881666666666666
70.90229498291015 11.881666666666666
70.90229497070312 11.881666666666666
70.9022951171875 11.881666666666666
70.90229534912109 11.881666666666666
70.90229518229167 11.881666666666666
70.90229512125651 11.881666666666666
