577879280179094.0 13.876666666666667
1.033784653869807e+16 10.555
2.315512091447331e+16 10.555
3.067669287474949e+16 10.735
3.405408345269399e+16 10.806666666666667
3.6071488796890376e+16 10.715
3.7291795227669816e+16 10.736666666666666
3.82896221543753e+16 10.735
3.8995095536324904e+16 10.735
3.947420783578882e+16 10.74
3.979855240665323e+16 10.748333333333333
4.001241876842257e+16 10.751666666666667
4.0156040888526216e+16 10.735
4.0260982096793416e+16 10.743333333333334
4.034188151552e+16 10.745
4.0396320617697816e+16 10.741666666666667
4.043917947099736e+16 10.745
4.0468314639347816e+16 10.743333333333334
4.0475148019360424e+16 10.746666666666666
4.047664721949944e+16 10.755
4.048745612202979e+16 10.753333333333334
4.0493606347980264e+16 10.753333333333334
4.049252413991674e+16 10.751666666666667
4.044653630558946e+16 10.758333333333333
4.039780756286348e+16 10.751666666666667
4.0355778868330696e+16 10.751666666666667
4.035416364337248e+16 10.751666666666667
4.035416379341001e+16 10.751666666666667
4.035416340629029e+16 10.751666666666667
4.035416370407469e+16 10.751666666666667
