265434.8534833333 36.36833333333333
307961.13468333334 34.335
430647.27263333334 33.84166666666667
538308.1847 32.92666666666667
638693.5010666667 31.43166666666667
744094.7386 29.85
802759.2817666667 28.81833333333333
849931.8214 28.08
887809.4204 27.751666666666665
912663.8778666666 27.586666666666666
931238.8936666667 27.493333333333332
943195.1783333333 27.415
952333.5649333333 27.426666666666666
959031.3067666667 27.401666666666667
963389.7560666667 27.358333333333334
966418.1244 27.335
968699.7831666666 27.335
970133.6305 27.333333333333332
971103.3836 27.328333333333333
971798.1242333333 27.325
972217.1907333334 27.31833333333333
971924.2196333334 27.32
971582.7252333333 27.30666666666667
971296.7426333333 27.30666666666667
971210.6333 27.303333333333335
971062.2196333334 27.298333333333332
971006.3247333333 27.3
970951.6991666667 27.301666666666666
970904.6118 27.303333333333335
970888.6330666667 27.3
