1.2622257064819336 53.29
1.2698726375579834 55.46
1.2698726361592612 55.46
1.2698726366043092 55.46
1.2698726399103801 55.46
1.2698726383845012 55.46
1.2698726364771524 55.46
1.2698726370493572 55.46
1.2698726395924886 55.46
1.269872637875875 55.46
1.2698726381937662 55.46
1.2698726370493572 55.46
1.269872636349996 55.46
1.2698726358413697 55.46
1.2698726411819459 55.46
1.2698726339975992 55.46
1.269872639656067 55.46
1.2698726367314657 55.46
1.2698726349512737 55.46
1.269872640546163 55.46
1.2698726432800294 55.46
1.2698726359685262 55.46
1.269872634569804 55.46
1.2698726355870564 55.46
1.2698726356506347 55.46
1.269872632153829 55.46
1.2698726383845012 55.46
1.269872638765971 55.46
1.269872638765971 55.46
1.2698726387023926 55.46
