8.180377112070719 65.74
3.6075704303741456 54.47
3.7198091556549073 52.375
3.9652623453776044 51.17
4.1553004989624025 49.985
4.383985847727458 48.05166666666667
4.543836574045817 46.791666666666664
4.581450585683187 46.69166666666667
4.5612058914184574 47.275
4.5666165412902835 47.455
4.569963903808594 47.62833333333333
4.574943034871419 47.708333333333336
4.580286370213827 47.73833333333334
4.581994978205363 47.77166666666667
4.583233028920492 47.818333333333335
4.583893488566081 47.85166666666667
4.584439516321818 47.861666666666665
4.584938575490316 47.88333333333333
4.5853808269500735 47.891666666666666
4.585763471984864 47.89833333333333
4.586115826161702 47.891666666666666
4.586348207600912 47.89333333333333
4.586561088816325 47.89333333333333
4.586847290039063 47.89833333333333
4.5873844426472985 47.89
4.588092833455404 47.88333333333333
4.588561655426026 47.88333333333333
4.588860926564535 47.88
4.5890586382548015 47.873333333333335
4.589177647908529 47.87166666666667
