5.224598531977335 75.34333333333333
10.618859341684978 75.30833333333334
15.322137409210205 75.29666666666667
17.95006228841146 75.29333333333334
19.0410612701416 75.29
20.02730380045573 75.29166666666667
20.639613283284504 75.29333333333334
20.410648213195802 75.3
20.678297724405926 75.30166666666666
20.750373709106444 75.30666666666667
20.930998884328208 75.305
20.97041233520508 75.30666666666667
21.028104968770347 75.30666666666667
21.079486649831136 75.30833333333334
21.120819068654377 75.30833333333334
21.137752110799152 75.30666666666667
21.138039718119302 75.30666666666667
21.151224008178712 75.30666666666667
21.15065603357951 75.305
21.162093724568685 75.305
21.165142488606772 75.305
21.16795474828084 75.305
21.168418883768716 75.305
21.16904805577596 75.30333333333333
21.17017001953125 75.30333333333333
21.17019207051595 75.30333333333333
21.17078577372233 75.30333333333333
21.17137714538574 75.305
21.171660833740233 75.305
21.171624148813883 75.305
