1.1404044427871705 64.71166666666667
3.5561548244476318 68.19
5.97842625096639 61.475
8.694137802378336 60.678333333333335
7.47561948076884 60.973333333333336
7.587497127024332 61.27166666666667
10.005450931549072 60.48833333333334
11.692319594065347 60.01
12.908739233652751 59.63333333333333
13.653384072875976 59.35166666666667
14.202631083170573 59.09166666666667
14.520169702657064 58.91
14.734282958984375 58.73
14.887668408203124 58.66
14.988865241750082 58.605
15.046372571818035 58.553333333333335
15.090161142985027 58.52
15.118918161010741 58.486666666666665
15.137421728515625 58.47
15.150333920796712 58.45666666666666
15.160590958658855 58.44833333333333
15.16818219350179 58.443333333333335
15.172345623016357 58.425
15.175643853759766 58.425
15.17808217417399 58.428333333333335
15.179595581563314 58.425
15.180673651123048 58.42333333333333
15.181273230489095 58.42333333333333
15.18101384302775 58.42166666666667
15.180621715799967 58.42166666666667
