2.3169887159983316 10.565
2.316988721593221 10.565
2.316988725153605 10.565
2.316988729349772 10.565
2.316988724009196 10.565
2.3169887199401855 10.565
2.3169887236277265 10.565
2.3169887231191 10.565
2.3169887199401855 10.565
2.316988722864787 10.565
2.316988719813029 10.565
2.3169887210845945 10.565
2.316988721847534 10.565
2.316988722229004 10.565
2.3169887229919435 10.565
2.3169887235005695 10.565
2.3169887322743734 10.565
2.3169887276967365 10.565
2.316988721593221 10.565
2.3169887245178225 10.565
2.316988719813029 10.565
2.3169887184143065 10.565
2.316988719558716 10.565
2.316988721974691 10.565
2.3169887243906655 10.565
2.3169887231191 10.565
2.3169887175242105 10.565
2.3169887177785236 10.565
2.316988726933797 10.565
2.3169887187957765 10.565
