34.27057879740397 42.3
80.63654489949545 42.365
124.07389134928385 42.388333333333335
158.50807346191405 42.39666666666667
186.01097596028646 42.40833333333333
206.9349443033854 42.425
221.93212832845052 42.43333333333333
232.47795924479166 42.44
240.11832502441408 42.435
245.63280540364585 42.44166666666667
249.5687713623047 42.44166666666667
252.28567255045573 42.445
254.16739518229167 42.445
255.48641862792968 42.445
256.4516767496745 42.445
257.1057252441406 42.445
257.57132087402346 42.445
257.90033900553385 42.445
258.1235881103516 42.445
258.27610411783854 42.445
258.39074483235675 42.445
258.46782026367185 42.445
258.52372687174477 42.445
258.56211446126304 42.445
258.5886710530599 42.445
258.6075910970052 42.445
258.6198426350911 42.445
258.6261283203125 42.445
258.6275244466146 42.445
258.62753361002603 42.445
