1757.8949796875 67.23166666666667
8677.423210677083 67.23666666666666
19416.6439328125 67.255
31147.1827921875 67.26333333333334
42286.295934375 67.26833333333333
51491.868767708336 67.26166666666667
58562.32401041667 67.26
64159.34942291667 67.26
68440.30021458333 67.25833333333334
71384.13095 67.25666666666666
73543.07102291667 67.25666666666666
75077.44527916667 67.26
76169.87830208334 67.25833333333334
76936.95846875 67.25833333333334
77487.39406041667 67.25833333333334
77863.43377708334 67.25833333333334
78125.01238333333 67.25833333333334
78305.42921458333 67.25833333333334
78431.33411875 67.26
78524.89683333333 67.26
78588.90795625 67.26
78633.88861458334 67.26
78665.18756666666 67.26
78687.34697083333 67.26
78703.28830208334 67.26
78712.57064166667 67.26
78716.12986666667 67.26
78717.56743958333 67.26
78718.60303958334 67.26
78719.06095833333 67.26
