1964583346.9952 14.835
12214463892.138666 14.836666666666666
21516232221.218132 14.838333333333333
27335430183.3216 14.845
30901526546.568535 14.85
33166214766.045868 14.85
34635519733.48693 14.85
35600085103.4112 14.85
36249276790.64747 14.85
36701341961.4208 14.85
37020174042.18027 14.85
37243438403.85706 14.85
37397638693.95627 14.85
37505794203.10187 14.85
37579315391.14667 14.85
37631154810.60693 14.85
37667032458.8544 14.85
37691960923.47733 14.85
37709541721.156265 14.85
37721627400.6016 14.85
37729835004.7232 14.85
37736382300.16 14.85
37740159367.03146 14.85
37743910995.01227 14.85
37746807072.3584 14.85
37746814742.25494 14.85
37746814772.8384 14.85
37746814862.40427 14.85
37746814611.18293 14.85
37746814633.02827 14.85
