1.2442844126383463 66.36166666666666
1.7623701719284057 69.63666666666667
1.0402555470148722 72.82666666666667
0.7449064411322276 79.65
0.9345490539073944 79.88166666666666
1.0981935292085012 79.88166666666666
1.206192642291387 79.885
1.282441540924708 79.905
1.332101972357432 79.915
1.3666480587800345 79.92166666666667
1.3901195042292278 79.925
1.4072086110432942 79.92833333333333
1.4184105007330576 79.92833333333333
1.426450552002589 79.93166666666667
1.4320616600990295 79.93166666666667
1.435797062397003 79.93333333333334
1.438464200560252 79.93666666666667
1.4403691390514375 79.935
1.4416792885780334 79.93833333333333
1.4426386882781983 79.93666666666667
1.4433263141314188 79.93666666666667
1.4437977286020915 79.93666666666667
1.4440953889687855 79.93666666666667
1.4443126174608867 79.93666666666667
1.444475949160258 79.93666666666667
1.4445760136286419 79.93666666666667
1.4446506759007771 79.93666666666667
1.4446992193857828 79.93666666666667
1.4447337803204854 79.93666666666667
1.444756647904714 79.93666666666667
