2.31029867032369 14.425
2.3102986691792804 14.425
2.3102986728668213 14.425
2.310298666763306 14.425
2.310298673884074 14.425
2.3102986704508464 14.425
2.310298667907715 14.425
2.31029866549174 14.425
2.3102986677805584 14.425
2.310298677190145 14.425
2.310298673248291 14.425
2.3102986728668213 14.425
2.310298676045736 14.425
2.310298670578003 14.425
2.3102986602783204 14.425
2.310298670578003 14.425
2.3102986710866293 14.425
2.310298667907715 14.425
2.3102986598968505 14.425
2.310298670069377 14.425
2.310298672103882 14.425
2.3102986698150634 14.425
2.3102986698150634 14.425
2.3102986689249674 14.425
2.31029866104126 14.425
2.3102986658732094 14.425
2.3102986686706544 14.425
2.31029866549174 14.425
2.31029866994222 14.425
2.3102986743927003 14.425
