9.795571218617757 69.33833333333334
17.71169713643392 69.045
24.596801268513996 65.19
36.36689024353027 65.03666666666666
45.5598255859375 66.17
55.36755525309245 67.875
61.81612805684408 67.97166666666666
65.7598157409668 67.96166666666667
69.75348143819173 68.005
71.40899432169596 68.035
72.88003553466797 68.02
73.8708882832845 68.01833333333333
74.55194566853841 68.00333333333333
75.20475797119141 67.97
75.66879533284505 67.975
75.91510729166667 67.95666666666666
76.11247423909505 67.95333333333333
76.23341866861979 67.96666666666667
76.32152379353842 67.96833333333333
76.37608944295248 67.97333333333333
76.41123205362956 67.97333333333333
76.44798464558919 67.97
76.47286392415364 67.97166666666666
76.49767381388347 67.96833333333333
76.5352524749756 67.94833333333334
76.57952247721354 67.95166666666667
76.59584589233398 67.95166666666667
76.59463697916667 67.94666666666667
76.58720714111328 67.95166666666667
76.58094134114583 67.95333333333333
