1.2197945289987857e+20 11.563333333333333
2.1253221071775163e+23 11.38
4.4300588831346854e+24 11.358333333333333
1.97647969205545e+25 11.341666666666667
4.425053908351345e+25 11.355
7.002140151957222e+25 11.375
9.176819594932473e+25 11.39
1.0820048969809189e+26 11.403333333333334
1.1971856243850318e+26 11.401666666666667
1.27616068768315e+26 11.408333333333333
1.328934270629245e+26 11.411666666666667
1.3639486579241024e+26 11.411666666666667
1.3870187325357337e+26 11.416666666666666
1.4021509489092312e+26 11.416666666666666
1.4120117576814773e+26 11.418333333333333
1.4183811148997e+26 11.418333333333333
1.422231317797834e+26 11.42
1.4245838207885687e+26 11.421666666666667
1.4264349938608985e+26 11.421666666666667
1.4275130206991225e+26 11.42
1.428037677287874e+26 11.421666666666667
1.4283326422997347e+26 11.42
1.4282643788197201e+26 11.42
1.428202435341799e+26 11.423333333333334
1.4280409521506473e+26 11.423333333333334
1.4280171701654655e+26 11.425
1.4280162718828161e+26 11.425
1.4280162369569808e+26 11.425
1.4280162361699196e+26 11.425
1.4280162274138651e+26 11.425
