9.469052159881592 63.535
7.2067240048726395 68.75833333333334
6.638399833552042 72.53166666666667
6.638399873288472 72.53166666666667
6.6383997993469235 72.53166666666667
6.638399878692627 72.53166666666667
6.638399816258748 72.53166666666667
6.638399932352701 72.53166666666667
6.638399810282389 72.53333333333333
6.6383999225616455 72.53166666666667
6.638399643834432 72.53166666666667
6.638399733098348 72.53166666666667
6.638399952570597 72.53333333333333
6.638399847666422 72.53166666666667
6.63839998181661 72.53166666666667
6.638399787839254 72.53166666666667
6.638399938201904 72.53166666666667
6.6383998885154725 72.53166666666667
6.638399887212118 72.53166666666667
6.6383999088287355 72.53166666666667
6.638399771436055 72.53166666666667
6.6383999177296955 72.53333333333333
6.638399724960327 72.53166666666667
6.638399845759074 72.53166666666667
6.638399854787191 72.53166666666667
6.638400013987224 72.53166666666667
6.63839984664917 72.53166666666667
6.638399909337362 72.53166666666667
6.638399941762288 72.53166666666667
6.63839976832072 72.53333333333333
