28136120054.5792 12.161666666666667
496850605615.7867 11.733333333333333
1799597746675.1658 11.565
3524398025661.918 11.563333333333333
5028559059943.424 11.536666666666667
6123486906522.01 11.523333333333333
6848415565121.673 11.535
7298331182454.102 11.513333333333334
7574070141980.945 11.521666666666667
7747716178667.11 11.52
7857647173553.356 11.526666666666667
7928068040626.449 11.525
7974500836712.994 11.525
8004551615586.851 11.528333333333334
8025988138218.291 11.525
8038174030823.424 11.523333333333333
8045372633129.506 11.52
8051535270589.235 11.52
8055856642986.257 11.518333333333333
8059007786112.342 11.516666666666667
8061526743047.6455 11.516666666666667
8062697078574.285 11.516666666666667
8065101598678.494 11.515
8066915124012.646 11.516666666666667
8068710432366.046 11.513333333333334
8069521950498.27 11.513333333333334
8069521971749.41 11.513333333333334
8069521967555.106 11.513333333333334
8069521959725.738 11.513333333333334
8069521976782.575 11.513333333333334
