0.8666439470926921 74.91
0.8135859001159668 76.78666666666666
0.8249435262997945 77.31
0.844951231209437 76.00833333333334
0.8746515187899272 74.705
0.9496645255088806 71.98666666666666
1.1491339930534363 65.86833333333334
1.3314033164342245 60.86666666666667
1.4783809293746948 56.86666666666667
1.5898015407562256 53.98833333333334
1.6696470662434897 51.67333333333333
1.7257826211929321 50.20333333333333
1.7639073278427124 48.995
1.7894113200505575 48.22
1.8088259120305379 47.67666666666667
1.8212645874023436 47.32333333333333
1.8302608686447144 47.045
1.8365112951278686 46.86666666666667
1.84098182220459 46.763333333333335
1.8437561354955037 46.70166666666667
1.8458450077692667 46.63333333333333
1.8475985290527344 46.593333333333334
1.8489000606536865 46.54666666666667
1.8498046032587687 46.526666666666664
1.850556325149536 46.513333333333335
1.8510568860371908 46.498333333333335
1.8514118722279866 46.486666666666665
1.8516456509908041 46.483333333333334
1.8518468370437622 46.47666666666667
1.8519653477986653 46.473333333333336
