2.303745858637492 9.27
2.303745866394043 9.27
2.303745855967204 9.27
2.3037458627065024 9.27
2.30374586168925 9.27
2.3037458651224774 9.27
2.303745855585734 9.27
2.3037458560943604 9.27
2.303745856221517 9.27
2.3037458585103354 9.27
2.303745865249634 9.27
2.303745862452189 9.27
2.3037458647410074 9.27
2.3037458578745524 9.27
2.303745854695638 9.27
2.3037458569844564 9.27
2.3037458566029865 9.27
2.303745855840047 9.27
2.303745855585734 9.27
2.30374586613973 9.27
2.3037458599090574 9.27
2.303745852661133 9.27
2.30374585202535 9.27
2.3037458578745524 9.27
2.3037458642323814 9.27
2.303745862197876 9.27
2.3037458605448404 9.27
2.3037458578745524 9.27
2.303745861943563 9.27
2.3037458623250324 9.27
