0.5612662165959676 81.095
0.5770362220446269 79.795
0.5761800947189331 81.56166666666667
0.5440835610151291 83.69166666666666
0.5918285512725512 83.64
0.6290475966056188 83.565
0.6589158235549927 83.52833333333334
0.6810841498136521 83.505
0.6963186267058055 83.46333333333334
0.7082079261938731 83.42666666666666
0.7166678194880486 83.41833333333334
0.722874557753404 83.40833333333333
0.7272660185019175 83.4
0.7302673809289932 83.39666666666666
0.7323012274980545 83.39166666666667
0.7338033123095831 83.39
0.7348729227304459 83.395
0.7355518604755401 83.395
0.7360388063748677 83.39666666666666
0.7363341278473536 83.4
0.7365932156880697 83.4
0.7367645620107651 83.4
0.7368831438064575 83.4
0.7369703735589981 83.4
0.7370294055700302 83.4
0.7370693298816681 83.4
0.7370956646760305 83.40166666666667
0.7371145171244939 83.40166666666667
0.7371272019386291 83.40166666666667
0.7371350639502208 83.40166666666667
