2.3234631444295246 10.628333333333334
2.32346315129598 10.628333333333334
2.3234631453196206 10.628333333333334
2.323463150660197 10.628333333333334
2.3234631441752116 10.628333333333334
2.3234631534576415 10.628333333333334
2.3234631448109946 10.628333333333334
2.3234631474812826 10.628333333333334
2.323463148752848 10.628333333333334
2.323463147989909 10.628333333333334
2.3234631397247316 10.628333333333334
2.3234631420135496 10.628333333333334
2.323463140360514 10.628333333333334
2.323463150024414 10.628333333333334
2.3234631477355956 10.628333333333334
2.323463140996297 10.628333333333334
2.323463141377767 10.628333333333334
2.3234631393432617 10.628333333333334
2.323463148880005 10.628333333333334
2.32346314125061 10.628333333333334
2.3234631444295246 10.628333333333334
2.3234631435394286 10.628333333333334
2.3234631420135496 10.628333333333334
2.3234631567637125 10.628333333333334
2.3234631384531657 10.628333333333334
2.3234631408691406 10.628333333333334
2.3234631453196206 10.628333333333334
2.323463143666585 10.628333333333334
2.3234631415049236 10.628333333333334
2.32346315091451 10.628333333333334
