61.20987346598307 12.425
61.20987333984375 12.425
61.209873201497395 12.425
61.20987312825521 12.425
61.20987319132487 12.425
61.20987303873698 12.425
61.209873246256514 12.425
61.20987294921875 12.425
61.20987306722005 12.425
61.20987299397787 12.425
61.20987318318685 12.425
61.209873079427084 12.425
61.20987325032552 12.425
61.20987322184245 12.425
61.20987317301432 12.425
61.209873107910155 12.425
61.20987306722005 12.425
61.209873124186196 12.425
61.20987309366862 12.425
61.20987336425781 12.425
61.20987332560221 12.425
61.209873057047524 12.425
61.20987328694662 12.425
61.20987317301432 12.425
61.20987307128906 12.425
61.20987341308594 12.425
61.209873291015626 12.425
61.2098732055664 12.425
61.20987322591146 12.425
61.20987315266927 12.425
