101.15851546936035 9.871666666666666
12.579392368443807 11.238333333333333
5.053925736618042 11.238333333333333
3.620997613652547 11.238333333333333
3.3143093536376953 11.238333333333333
3.120236092376709 11.238333333333333
2.986711600748698 11.236666666666666
2.8917866086324056 11.236666666666666
2.8230235710144043 11.236666666666666
2.7761975616455077 11.236666666666666
2.7436687319437665 11.236666666666666
2.720765304819743 11.236666666666666
2.7028265235900877 11.236666666666666
2.6925100640614827 11.236666666666666
2.6844873896280923 11.236666666666666
2.679463394165039 11.236666666666666
2.6753519488016764 11.236666666666666
2.6735720938364667 11.236666666666666
2.6720362208048503 11.236666666666666
2.669198438390096 11.236666666666666
2.666389574432373 11.236666666666666
2.6665022070566815 11.236666666666666
2.6661323280334472 11.236666666666666
2.666227623240153 11.236666666666666
2.666115637207031 11.236666666666666
2.6661996218363444 11.236666666666666
2.666184467188517 11.236666666666666
2.666167933654785 11.236666666666666
2.6661136252085367 11.236666666666666
2.666084259033203 11.236666666666666
