1.468570836130778 52.535
1.4685708331425984 52.535
1.4685708356221516 52.535
1.4685708382288616 52.535
1.4685708380381266 52.535
1.4685708360671996 52.535
1.4685708351771036 52.535
1.468570840326945 52.535
1.4685708357493084 52.535
1.4685708366394044 52.535
1.4685708391189576 52.535
1.4685708337148031 52.535
1.4685708379745483 52.535
1.4685708361943564 52.535
1.4685708374023438 52.535
1.4685708353678386 52.535
1.4685708326339721 52.535
1.4685708409627278 52.535
1.4685708367665609 52.535
1.4685708360036214 52.535
1.4685708327611287 52.535
1.4685708354314169 52.535
1.4685708412806193 52.535
1.4685708348592121 52.535
1.4685708340326944 52.535
1.4685708382924398 52.535
1.4685708393096923 52.535
1.4685708375930786 52.535
1.4685708422978718 52.535
1.4685708422342936 52.535
