1.45449226175944 46.045
1.456154522005717 45.98833333333334
1.4561545212427776 45.98833333333334
1.4561545175552368 45.98833333333334
1.4561545214970906 45.98833333333334
1.4561545190811158 45.98833333333334
1.4561545177459716 45.98833333333334
1.4561545241038005 45.98833333333334
1.456154517173767 45.98833333333334
1.456154522005717 45.98833333333334
1.4561545250574748 45.98833333333334
1.4561545162200928 45.98833333333334
1.4561545169194539 45.98833333333334
1.4561545225779216 45.98833333333334
1.4561545197804768 45.98833333333334
1.4561545245488485 45.98833333333334
1.4561545205434163 45.98833333333334
1.4561545244216918 45.98833333333334
1.4561545245488485 45.98833333333334
1.4561545171101888 45.98833333333334
1.4561545206069946 45.98833333333334
1.4561545238494873 45.98833333333334
1.4561545223236083 45.98833333333334
1.4561545206705728 45.98833333333334
1.4561545227686563 45.98833333333334
1.4561545208613078 45.98833333333334
1.4561545197168986 45.98833333333334
1.456154522705078 45.98833333333334
1.4561545211791993 45.98833333333334
1.4561545171101888 45.98833333333334
