14247245239025.664 23.351666666666667
3233015558377465.5 24.805
1.6822503722588936e+16 27.926666666666666
2.9001317829558996e+16 29.34
3.5674495836902636e+16 29.808333333333334
3.897281055906172e+16 29.913333333333334
4.130965469948417e+16 29.953333333333333
4.291473977363318e+16 29.998333333333335
4.40023539525889e+16 30.016666666666666
4.4668731988136424e+16 30.043333333333333
4.512725838451022e+16 30.048333333333332
4.547128300863034e+16 30.073333333333334
4.570544752327953e+16 30.07
4.588563515669532e+16 30.073333333333334
4.60078051647046e+16 30.078333333333333
4.609408466218861e+16 30.073333333333334
4.614717719018524e+16 30.071666666666665
4.614070953064652e+16 30.085
4.6113251978812536e+16 30.10333333333333
4.607896569927452e+16 30.11
4.608689518701015e+16 30.11
4.6094475414877224e+16 30.11
4.609011312883649e+16 30.11
4.6032913442728456e+16 30.12
4.5975841603480264e+16 30.111666666666668
4.593500270765976e+16 30.116666666666667
4.5933415440075336e+16 30.116666666666667
4.59334072017554e+16 30.115
4.593340388260467e+16 30.115
4.593340081428003e+16 30.115
