2.314353130340576 9.736666666666666
2.3143531283060708 9.736666666666666
2.3143531180063883 9.736666666666666
2.3143531276702882 9.736666666666666
2.3143531284332277 9.736666666666666
2.3143531253814698 9.736666666666666
2.3143531350453697 9.736666666666666
2.314353128560384 9.736666666666666
2.31435313390096 9.736666666666666
2.3143531276702882 9.736666666666666
2.3143531251271567 9.736666666666666
2.3143531316121417 9.736666666666666
2.3143531263987223 9.736666666666666
2.314353121693929 9.736666666666666
2.3143531304677327 9.736666666666666
2.3143531201680503 9.736666666666666
2.3143531204223633 9.736666666666666
2.3143531243642173 9.736666666666666
2.3143531195322673 9.736666666666666
2.3143531269073487 9.736666666666666
2.3143531286875407 9.736666666666666
2.3143531260172527 9.736666666666666
2.314353121185303 9.736666666666666
2.3143531261444092 9.736666666666666
2.3143531253814698 9.736666666666666
2.3143531262715658 9.736666666666666
2.3143531225840253 9.736666666666666
2.3143531230926513 9.736666666666666
2.3143531255086263 9.736666666666666
2.3143531272888183 9.736666666666666
