32.97381205444336 6.833333333333333
32.97381198832194 6.833333333333333
32.97381203613281 6.833333333333333
32.97381201578776 6.833333333333333
32.97381208902995 6.833333333333333
32.973811958821614 6.833333333333333
32.97381203613281 6.833333333333333
32.973811862182615 6.833333333333333
32.97381198933919 6.833333333333333
32.97381196899414 6.833333333333333
32.97381194661458 6.833333333333333
32.97381204020182 6.833333333333333
32.97381197611491 6.833333333333333
32.97381188557943 6.833333333333333
32.973812086995444 6.833333333333333
32.973812032063805 6.833333333333333
32.97381203511556 6.833333333333333
32.973811932373046 6.833333333333333
32.97381202799479 6.833333333333333
32.97381207682292 6.833333333333333
32.973811865234374 6.833333333333333
32.97381181844076 6.833333333333333
32.973812064615885 6.833333333333333
32.973812064615885 6.833333333333333
32.97381196594238 6.833333333333333
32.973811948649086 6.833333333333333
32.97381201375325 6.833333333333333
32.97381206258138 6.833333333333333
32.97381179199219 6.833333333333333
32.973811975097654 6.833333333333333
