3.641238214365641 8.468333333333334
3.6412382223765056 8.468333333333334
3.6412382263183596 8.468333333333334
3.6412382301330566 8.468333333333334
3.6412382256825766 8.468333333333334
3.6412382253011066 8.468333333333334
3.6412382136027017 8.468333333333334
3.6412382305145266 8.468333333333334
3.6412382204691567 8.468333333333334
3.6412382136027017 8.468333333333334
3.6412382307688396 8.468333333333334
3.641238226445516 8.468333333333334
3.641238216145833 8.468333333333334
3.641238230641683 8.468333333333334
3.6412382217407226 8.468333333333334
3.641238211695353 8.468333333333334
3.6412382205963136 8.468333333333334
3.641238222757975 8.468333333333334
3.641238226445516 8.468333333333334
3.641238219197591 8.468333333333334
3.64123822072347 8.468333333333334
3.641238223393758 8.468333333333334
3.6412382153828937 8.468333333333334
3.641238232040405 8.468333333333334
3.6412382186889647 8.468333333333334
3.641238224029541 8.468333333333334
3.641238236363729 8.468333333333334
3.641238225809733 8.468333333333334
3.6412382120768227 8.468333333333334
3.641238214365641 8.468333333333334
