96236350.67733334 13.68
271121983.04426664 13.605
379721740.6976 13.533333333333333
453087768.7808 13.513333333333334
506734820.8810667 13.51
545942970.112 13.47
573353523.6949333 13.466666666666667
592979804.3989333 13.46
606791821.3802667 13.436666666666667
616468558.0458666 13.446666666666667
623323528.7722666 13.446666666666667
628065167.5648 13.443333333333333
631414787.6864 13.45
633749212.9450667 13.45
635396549.7002667 13.448333333333334
636532483.6522666 13.446666666666667
637327167.8293333 13.446666666666667
637821665.3824 13.448333333333334
638023074.8501333 13.448333333333334
637812947.3536 13.448333333333334
637538959.1893333 13.45
637425856.8192 13.463333333333333
637483670.3573333 13.463333333333333
637480257.7066667 13.465
637476480.3072 13.466666666666667
637474660.1813333 13.463333333333333
637474413.3290666 13.463333333333333
637474330.2485334 13.463333333333333
637474324.1386666 13.463333333333333
637474325.8112 13.463333333333333
