2.382686638132731 12.691666666666666
2.382686633682251 12.691666666666666
2.3826866353352862 12.691666666666666
2.382686633936564 12.691666666666666
2.382686635716756 12.691666666666666
2.3826866355895997 12.691666666666666
2.382686644999186 12.691666666666666
2.3826866293589273 12.691666666666666
2.3826866301218668 12.691666666666666
2.3826866329193117 12.691666666666666
2.3826866344451902 12.691666666666666
2.382686640803019 12.691666666666666
2.3826866446177166 12.691666666666666
2.382686633046468 12.691666666666666
2.3826866319020588 12.691666666666666
2.3826866409301757 12.691666666666666
2.3826866338094077 12.691666666666666
2.3826866325378417 12.691666666666666
2.3826866391499837 12.691666666666666
2.382686641947428 12.691666666666666
2.3826866406758627 12.691666666666666
2.382686640548706 12.691666666666666
2.382686642964681 12.691666666666666
2.382686637242635 12.691666666666666
2.382686642074585 12.691666666666666
2.382686633936564 12.691666666666666
2.3826866331736247 12.691666666666666
2.382686641693115 12.691666666666666
2.3826866385142007 12.691666666666666
2.38268663927714 12.691666666666666
