2.418036810429891 17.988333333333333
2.418036823908488 17.988333333333333
2.4180368169148765 17.988333333333333
2.418036822382609 17.988333333333333
2.4180368216196695 17.988333333333333
2.4180368127187095 17.988333333333333
2.418036814626058 17.988333333333333
2.418036820348104 17.988333333333333
2.4180368147532145 17.988333333333333
2.4180368150075275 17.988333333333333
2.4180368261973064 17.988333333333333
2.4180368136088055 17.988333333333333
2.4180368213653565 17.988333333333333
2.418036813354492 17.988333333333333
2.418036816660563 17.988333333333333
2.4180368167877195 17.988333333333333
2.418036819712321 17.988333333333333
2.418036816660563 17.988333333333333
2.4180368150075275 17.988333333333333
2.4180368156433105 17.988333333333333
2.41803681195577 17.988333333333333
2.418036817042033 17.988333333333333
2.418036811065674 17.988333333333333
2.418036819330851 17.988333333333333
2.418036813735962 17.988333333333333
2.418036813100179 17.988333333333333
2.4180368136088055 17.988333333333333
2.418036813354492 17.988333333333333
2.4180368158976235 17.988333333333333
2.4180368153889975 17.988333333333333
