1.6353057139078777 58.03666666666667
1.635305730120341 58.03666666666667
1.6353057112375895 58.03666666666667
1.635305718167623 58.03666666666667
1.6353057198206584 58.03666666666667
1.635305718612671 58.03666666666667
1.6353057149251302 58.03666666666667
1.6353057161331177 58.03666666666667
1.6353057079633078 58.03666666666667
1.6353057154973347 58.03666666666667
1.6353057293574016 58.03666666666667
1.6353057114919027 58.03666666666667
1.6353057184855144 58.03666666666667
1.6353057362238566 58.03666666666667
1.6353057170232137 58.03666666666667
1.6353057153066 58.03666666666667
1.6353057138442992 58.03666666666667
1.635305712445577 58.03666666666667
1.6353057316462198 58.03666666666667
1.635305712445577 58.03666666666667
1.6353057172139485 58.03666666666667
1.6353057240168254 58.03666666666667
1.6353057216008504 58.03666666666667
1.6353057256698609 58.03666666666667
1.635305715115865 58.03666666666667
1.635305716196696 58.03666666666667
1.6353057216326397 58.03666666666667
1.6353057224909464 58.03666666666667
1.6353057140986125 58.03666666666667
1.6353057273228964 58.03666666666667
