0.6308575883646806 89.31333333333333
1.980255505402883 76.68833333333333
0.6621306527475516 90.21166666666667
0.7995408932554381 91.08833333333334
0.9973281196831415 91.23333333333333
1.1475054492866 91.24666666666667
1.2658293228201258 91.245
1.3358782147758952 91.24666666666667
1.38679395693137 91.24166666666666
1.423493618177774 91.24666666666667
1.4457439983690643 91.25
1.4621968349467245 91.25333333333333
1.4727459133192897 91.25
1.4807317374343674 91.24833333333333
1.4863448978255192 91.25166666666667
1.490433869720002 91.25166666666667
1.4931506098791336 91.25333333333333
1.4950601061113238 91.25333333333333
1.4964181976546844 91.255
1.4973432055651656 91.255
1.4980307047361818 91.255
1.4984976220861077 91.255
1.4988380756507318 91.255
1.4990498430679242 91.255
1.4992077181932362 91.255
1.4993144932616813 91.255
1.4993963571683193 91.255
1.4994508475904431 91.255
1.499481970857084 91.255
1.4994975395595034 91.255
