1.8556410429000854 33.06666666666667
1.8556410416285196 33.06666666666667
1.855641045888265 33.06666666666667
1.855641043726603 33.06666666666667
1.8556410467147828 33.06666666666667
1.8556410402933756 33.06666666666667
1.8556410486857096 33.06666666666667
1.8556410402297974 33.06666666666667
1.8556410451253256 33.06666666666667
1.8556410414377849 33.06666666666667
1.8556410396575929 33.06666666666667
1.8556410438537598 33.06666666666667
1.8556410399119059 33.06666666666667
1.855641043917338 33.06666666666667
1.8556410425186156 33.06666666666667
1.8556410372416179 33.06666666666667
1.8556410386403401 33.06666666666667
1.8556410448710123 33.06666666666667
1.8556410442988078 33.06666666666667
1.8556410413106283 33.06666666666667
1.8556410362879434 33.06666666666667
1.8556410478591918 33.06666666666667
1.8556410423278809 33.06666666666667
1.8556410453160603 33.06666666666667
1.8556410422007243 33.06666666666667
1.8556410477320353 33.06666666666667
1.8556410451889038 33.06666666666667
1.8556410433451334 33.06666666666667
1.8556410412470499 33.06666666666667
1.8556410436630248 33.06666666666667
