0.7351534818967184 75.00833333333334
0.8049857604344686 71.65833333333333
0.673928899161021 76.05333333333333
0.6739288986841837 76.05333333333333
0.6739289030710857 76.05333333333333
0.6739289043585459 76.05333333333333
0.6739288994471232 76.05333333333333
0.6739289006392161 76.05333333333333
0.6739289007186889 76.05333333333333
0.6739289002418518 76.05333333333333
0.6739288983345032 76.05333333333333
0.6739289033253988 76.05333333333333
0.6739288981914521 76.05333333333333
0.6739289008458456 76.05333333333333
0.6739288979212443 76.05333333333333
0.6739289008776347 76.05333333333333
0.673928903277715 76.05333333333333
0.6739289015769958 76.05333333333333
0.6739289007186889 76.05333333333333
0.6739288999875387 76.05333333333333
0.6739289031346639 76.05333333333333
0.6739289021809896 76.05333333333333
0.6739288993517558 76.05333333333333
0.6739289000511169 76.05333333333333
0.6739289047241211 76.05333333333333
0.6739289011637369 76.05333333333333
0.6739288979848226 76.05333333333333
0.6739289013544718 76.05333333333333
0.673928901831309 76.05333333333333
0.6739289014498393 76.05333333333333
