1.2175884013811746 80.46833333333333
2.05594781888326 77.615
3.544660421307882 75.92333333333333
4.792598692321778 77.06333333333333
6.202517985661824 74.78
7.403372917175293 73.33333333333333
8.134066891606649 73.35833333333333
8.83871732940674 72.485
9.121528031158448 72.94166666666666
9.584919086964925 72.185
9.843013138071695 71.945
9.92459278462728 72.19
10.051106777191162 72.05833333333334
10.135999149831136 72.00666666666666
10.190031958770751 71.99166666666666
10.225071821085612 71.96833333333333
10.252403839874267 71.95833333333333
10.264023699951172 71.97166666666666
10.274253062184652 71.97333333333333
10.283504372914631 71.96666666666667
10.290729338328044 71.96
10.29511629969279 71.95833333333333
10.299484305318197 71.94833333333334
10.301537016805012 71.945
10.304610633341472 71.94666666666667
10.309414197794597 71.93
10.313892689005534 71.91666666666667
10.317016963958741 71.90833333333333
10.319171304066975 71.89666666666666
10.320615607198079 71.895
