2.747951511001587 10.068333333333333
2.747951502863566 10.068333333333333
2.7479515012105304 10.068333333333333
2.747951501719157 10.068333333333333
2.747951514943441 10.068333333333333
2.7479515060424804 10.068333333333333
2.7479515022277834 10.068333333333333
2.74795150680542 10.068333333333333
2.747951507441203 10.068333333333333
2.747951506551107 10.068333333333333
2.747951504135132 10.068333333333333
2.7479515082041424 10.068333333333333
2.7479515057881674 10.068333333333333
2.747951506169637 10.068333333333333
2.7479515111287434 10.068333333333333
2.747951506551107 10.068333333333333
2.747951511001587 10.068333333333333
2.7479515048980714 10.068333333333333
2.7479515062967934 10.068333333333333
2.7479515015920004 10.068333333333333
2.7479515157063803 10.068333333333333
2.747951505915324 10.068333333333333
2.747951505915324 10.068333333333333
2.747951515452067 10.068333333333333
2.7479515199025473 10.068333333333333
2.747951508585612 10.068333333333333
2.7479515165964763 10.068333333333333
2.74795151163737 10.068333333333333
2.747951504135132 10.068333333333333
2.747951501083374 10.068333333333333
