2.279485749053955 20.713333333333335
2.2794857326507567 20.713333333333335
2.279485734939575 20.713333333333335
2.2794857383728027 20.713333333333335
2.2794857423146566 20.713333333333335
2.279485750325521 20.713333333333335
2.279485736083984 20.713333333333335
2.279485746892293 20.713333333333335
2.2794857453664146 20.713333333333335
2.2794857423146566 20.713333333333335
2.27948574180603 20.713333333333335
2.279485735575358 20.713333333333335
2.2794857485453286 20.713333333333335
2.279485746383667 20.713333333333335
2.279485740025838 20.713333333333335
2.279485739390055 20.713333333333335
2.2794857480367026 20.713333333333335
2.279485738881429 20.713333333333335
2.2794857444763186 20.713333333333335
2.279485740025838 20.713333333333335
2.279485743586222 20.713333333333335
2.279485740280151 20.713333333333335
2.2794857359568277 20.713333333333335
2.279485733413696 20.713333333333335
2.279485744222005 20.713333333333335
2.27948574180603 20.713333333333335
2.2794857411702476 20.713333333333335
2.2794857387542726 20.713333333333335
2.2794857357025147 20.713333333333335
2.2794857423146566 20.713333333333335
