2.3077404229482017 9.736666666666666
2.307740412902832 9.736666666666666
2.3077404061635334 9.736666666666666
2.30774041595459 9.736666666666666
2.3077404205322267 9.736666666666666
2.3077404216766357 9.736666666666666
2.3077404148101808 9.736666666666666
2.3077404224395752 9.736666666666666
2.3077404167175293 9.736666666666666
2.3077404201507568 9.736666666666666
2.3077404196421307 9.736666666666666
2.307740409342448 9.736666666666666
2.3077404174804688 9.736666666666666
2.3077404198964437 9.736666666666666
2.3077404178619383 9.736666666666666
2.3077404197692872 9.736666666666666
2.3077404098510743 9.736666666666666
2.3077404205322267 9.736666666666666
2.3077404179890952 9.736666666666666
2.3077404224395752 9.736666666666666
2.3077404261271157 9.736666666666666
2.3077404225667317 9.736666666666666
2.3077404219309487 9.736666666666666
2.3077404118855793 9.736666666666666
2.3077404247283937 9.736666666666666
2.307740412648519 9.736666666666666
2.307740424601237 9.736666666666666
2.3077404182434083 9.736666666666666
2.3077404125213623 9.736666666666666
2.307740432866414 9.736666666666666
