0.8985867060343424 72.59166666666667
0.8335187583287557 76.74333333333334
1.0743876883506775 68.485
1.3926824043591817 67.56333333333333
0.9328543473084767 75.76666666666667
1.9434467730204263 60.23
1.9279921791712442 58.403333333333336
1.8510603459676107 58.13166666666667
1.7711369342803955 58.13666666666666
1.6187207127888998 58.92
1.6084081999460855 58.905
1.5777809255599975 59.098333333333336
1.5309598497390746 59.52
1.5382594062805175 59.41
1.5154977385838826 59.65
1.5055468046188354 59.751666666666665
1.5034760430018108 59.79333333333334
1.4978659622192383 59.835
1.4954599859237672 59.88166666666667
1.4958824186960855 59.875
1.493953491783142 59.901666666666664
1.4933556726455688 59.89666666666667
1.4924008495966594 59.89
1.4916900343577066 59.888333333333335
1.4911960920969645 59.88333333333333
1.4904565763473512 59.88666666666666
1.4896454231262206 59.895
1.4887249642690024 59.89833333333333
1.4874545325597128 59.91833333333334
1.4857882394154867 59.93666666666667
