1.1427259272257486 56.79833333333333
1.208571260579427 53.15833333333333
1.1857707056045532 53.971666666666664
1.1616874535878499 54.79666666666667
1.1762220454216004 54.153333333333336
1.1710589490890504 54.315
1.1749782530466715 54.10166666666667
1.174653486251831 54.04
1.1730031836827597 54.11
1.1721690077463787 54.141666666666666
1.1731831452687582 54.115
1.1711070199966431 54.155
1.1720972574869792 54.11833333333333
1.170992403348287 54.14833333333333
1.1711330546061198 54.14833333333333
1.1717427904129027 54.12
1.1714048929214478 54.12833333333333
1.171244635327657 54.13333333333333
1.1711025108973185 54.145
1.1711571062723796 54.145
1.171138958676656 54.14333333333333
1.1711265378316245 54.141666666666666
1.1711575839360555 54.141666666666666
1.1712079394658406 54.14333333333333
1.1712816282272338 54.13666666666666
1.171540096282959 54.12
1.1718650437672933 54.10666666666667
1.1721481417338053 54.10166666666667
1.1723428141593932 54.09166666666667
1.172422445233663 54.09166666666667
