2.3025851249694824 10.0
2.3025851249694824 10.0
2.3025851249694824 10.0
2.3025851249694824 10.0
2.3025851249694824 10.0
2.3025851249694824 10.0
2.3025851249694824 10.0
2.3025851249694824 10.0
2.3025851249694824 10.0
2.3025851249694824 10.0
2.3025851249694824 10.0
2.3025851249694824 10.0
2.3025851249694824 10.0
2.3025851249694824 10.0
2.3025851249694824 10.0
2.3025851249694824 10.0
2.3025851249694824 10.0
2.3025851249694824 10.0
2.3025851249694824 10.0
2.3025851249694824 10.0
2.3025851249694824 10.0
2.3025851249694824 10.0
2.3025851249694824 10.0
2.3025851249694824 10.0
2.3025851249694824 10.0
2.3025851249694824 10.0
2.3025851249694824 10.0
2.3025851249694824 10.0
2.3025851249694824 10.0
2.3025851249694824 10.0
