2.307696176783244 10.441666666666666
2.3076961793263755 10.441666666666666
2.3076961804707845 10.441666666666666
2.3076961826324465 10.441666666666666
2.3076961826324465 10.441666666666666
2.3076961727142336 10.441666666666666
2.307696183013916 10.441666666666666
2.307696178817749 10.441666666666666
2.307696186065674 10.441666666666666
2.3076961849212645 10.441666666666666
2.3076961811065675 10.441666666666666
2.307696179962158 10.441666666666666
2.3076961783091225 10.441666666666666
2.307696176783244 10.441666666666666
2.3076961714426676 10.441666666666666
2.3076961853027345 10.441666666666666
2.3076961859385174 10.441666666666666
2.307696174875895 10.441666666666666
2.3076961694081626 10.441666666666666
2.3076961835225425 10.441666666666666
2.307696188100179 10.441666666666666
2.3076961822509765 10.441666666666666
2.3076961791992185 10.441666666666666
2.3076961760203045 10.441666666666666
2.3076961882273355 10.441666666666666
2.307696183904012 10.441666666666666
2.307696179072062 10.441666666666666
2.3076961811065675 10.441666666666666
2.307696181233724 10.441666666666666
2.3076961793263755 10.441666666666666
