1.5813431145985921 39.155
1.9618279832204184 38.91166666666667
2.2979983909606934 38.93
2.6149088617960614 38.85166666666667
2.8619483833312986 38.775
3.0443046630859376 38.755
3.1838190478007 38.736666666666665
3.2898288014729817 38.68833333333333
3.365635566329956 38.66833333333334
3.4194154382069906 38.655
3.4586329147338866 38.626666666666665
3.4860670842488606 38.62833333333333
3.5056151173909504 38.63166666666667
3.5187196142832438 38.62166666666667
3.528612513478597 38.623333333333335
3.5353242823282875 38.623333333333335
3.539948932393392 38.623333333333335
3.543271745936076 38.62
3.545469386927287 38.62
3.5471301381429035 38.615
3.548245630900065 38.61666666666667
3.549022555923462 38.61833333333333
3.549612788772583 38.61833333333333
3.5500083095550536 38.61833333333333
3.550266014353434 38.61833333333333
3.5504457731882733 38.61833333333333
3.5505734968821208 38.61666666666667
3.550664205042521 38.61666666666667
3.55073175239563 38.61666666666667
3.550766544850667 38.61666666666667
