2.3721370038350424 10.918333333333333
2.372137001546224 10.918333333333333
2.3721370023091635 10.918333333333333
2.372137004470825 10.918333333333333
2.3721369956970215 10.918333333333333
2.372137001800537 10.918333333333333
2.372136996714274 10.918333333333333
2.372137003580729 10.918333333333333
2.3721370025634765 10.918333333333333
2.372136993662516 10.918333333333333
2.372137001546224 10.918333333333333
2.3721369963328045 10.918333333333333
2.3721370016733805 10.918333333333333
2.372137004852295 10.918333333333333
2.3721370068868 10.918333333333333
2.372136998494466 10.918333333333333
2.3721370016733805 10.918333333333333
2.372136999384562 10.918333333333333
2.372137010574341 10.918333333333333
2.3721370047251384 10.918333333333333
2.372137001164754 10.918333333333333
2.372136994298299 10.918333333333333
2.37213700726827 10.918333333333333
2.3721369974772135 10.918333333333333
2.372136988957723 10.918333333333333
2.37213700243632 10.918333333333333
2.3721369950612385 10.918333333333333
2.3721369990030925 10.918333333333333
2.3721370023091635 10.918333333333333
2.3721369990030925 10.918333333333333
