2.352080809911092 13.155
2.352080810292562 13.155
2.352080806096395 13.155
2.3520808125813804 13.155
2.3520808095296224 13.155
2.3520807993570965 13.155
2.3520808059692384 13.155
2.3520808121999104 13.155
2.352080806732178 13.155
2.352080805714925 13.155
2.352080809911092 13.155
2.3520808167775473 13.155
2.3520808113098144 13.155
2.3520808179219563 13.155
2.352080811182658 13.155
2.3520808041890464 13.155
2.352080806605021 13.155
2.352080799484253 13.155
2.3520808115641274 13.155
2.3520808157602944 13.155
2.3520808121999104 13.155
2.3520808020273845 13.155
2.352080814488729 13.155
2.3520808062235514 13.155
2.3520808086395264 13.155
2.3520808157602944 13.155
2.352080812072754 13.155
2.3520808031717935 13.155
2.352080813217163 13.155
2.3520808108011884 13.155
