77625026.112 19.466666666666665
322947076.74453336 19.475
478422702.04586667 19.413333333333334
568285974.9376 19.468333333333334
625271281.9370667 19.355
666174683.9210666 19.286666666666665
693787024.8618667 19.281666666666666
712729315.0549333 19.245
726281900.3392 19.236666666666668
735512382.7712 19.208333333333332
741725386.4448 19.203333333333333
746039832.064 19.185
748998039.04 19.175
751261070.6090667 19.176666666666666
752925615.7525333 19.17
754043029.0944 19.166666666666668
754705331.4389334 19.17
755279355.9381334 19.163333333333334
755283746.3381333 19.173333333333332
755339794.9098667 19.158333333333335
755248725.5722667 19.161666666666665
755196796.6208 19.163333333333334
755012625.4421333 19.158333333333335
754318583.8762667 19.156666666666666
753625132.1002667 19.138333333333332
753300610.9696 19.133333333333333
753300103.3728 19.133333333333333
753300207.2064 19.133333333333333
753300231.8848 19.133333333333333
753300231.3728 19.133333333333333
