1.23443492603302 71.81166666666667
3.1171172948201495 66.33666666666667
4.895603542582194 59.75333333333333
5.953129273986816 54.96333333333333
6.647386181640625 50.72833333333333
6.771541495513916 45.83
6.689521401723226 41.135
6.173688869984945 36.485
5.857933523813884 32.721666666666664
5.372907369740804 28.936666666666667
5.0467891522725425 25.981666666666666
4.741661644744873 23.185
4.560629547246297 20.968333333333334
4.4775229540507 19.59
4.440424040730794 18.675
4.354829556020101 17.816666666666666
4.377629958089193 17.661666666666665
4.351608600362142 17.358333333333334
4.3282668502807615 17.15
4.3274566909790035 17.073333333333334
4.318207196299235 17.02
4.317563813781739 16.976666666666667
4.315016208648681 16.941666666666666
4.311721156056722 16.915
4.310775245157878 16.905
4.308179507446289 16.878333333333334
4.3056554480234785 16.858333333333334
4.30427994257609 16.845
4.303723579406738 16.84
4.303415408325195 16.836666666666666
