0.28757094716628395 92.37666666666667
0.2721759500483672 92.82166666666667
0.20917200297911961 94.39166666666667
0.1981994037727515 94.535
0.17433731332570315 95.01166666666667
0.1461654151464502 95.93833333333333
0.14369319800237815 95.955
0.14224950995941957 95.96
0.14150626228253047 95.96333333333334
0.14104491360535223 95.96333333333334
0.1407162222057581 95.96
0.14050123303731282 95.95833333333333
0.14038047073980173 95.95833333333333
0.14029160487850506 95.95833333333333
0.14023615232308706 95.95833333333333
0.14019416695535183 95.95833333333333
0.14016929567505915 95.95833333333333
0.14015191586613654 95.95833333333333
0.1401382005274296 95.95666666666666
0.14012801185349624 95.95666666666666
0.14012136382559937 95.95666666666666
0.14011735169887543 95.95666666666666
0.14011432013064623 95.95666666666666
0.14011209347148737 95.95666666666666
0.14011037520567576 95.95666666666666
0.1401092376301686 95.95666666666666
0.14010857894817988 95.95666666666666
0.14010802499850591 95.95666666666666
0.14010756726861 95.95666666666666
0.14010723291734856 95.95666666666666
