2.3141767236073814 7.301666666666667
2.314176723353068 7.301666666666667
2.3141767286936443 7.301666666666667
2.31417672551473 7.301666666666667
2.314176725769043 7.301666666666667
2.314176727930705 7.301666666666667
2.3141767229715984 7.301666666666667
2.3141767208099364 7.301666666666667
2.314176732381185 7.301666666666667
2.3141767201741534 7.301666666666667
2.3141767244974774 7.301666666666667
2.314176732381185 7.301666666666667
2.3141767256418864 7.301666666666667
2.3141767361958823 7.301666666666667
2.314176724878947 7.301666666666667
2.314176729075114 7.301666666666667
2.3141767262776693 7.301666666666667
2.314176729456584 7.301666666666667
2.314176726659139 7.301666666666667
2.314176735941569 7.301666666666667
2.314176729075114 7.301666666666667
2.3141767223358154 7.301666666666667
2.3141767349243163 7.301666666666667
2.31417672513326 7.301666666666667
2.314176727930705 7.301666666666667
2.314176721954346 7.301666666666667
2.314176727549235 7.301666666666667
2.314176728566488 7.301666666666667
2.314176730600993 7.301666666666667
2.3141767300923664 7.301666666666667
