2.313860719426473 10.0
2.31386072362264 10.0
2.3138607273101806 10.0
2.3138607234954836 10.0
2.3138607252756755 10.0
2.3138607240041096 10.0
2.3138607228597006 10.0
2.313860716756185 10.0
2.3138607149759927 10.0
2.313860722096761 10.0
2.3138607206980386 10.0
2.3138607264200846 10.0
2.3138607204437256 10.0
2.313860725402832 10.0
2.3138607206980386 10.0
2.313860726038615 10.0
2.31386071879069 10.0
2.313860721206665 10.0
2.3138607226053876 10.0
2.313860729853312 10.0
2.3138607198079426 10.0
2.3138607206980386 10.0
2.3138607177734376 10.0
2.3138607140858967 10.0
2.313860719426473 10.0
2.313860715484619 10.0
2.3138607177734376 10.0
2.313860719426473 10.0
2.31386072324117 10.0
2.3138607215881346 10.0
