2.292305814743042 7.571666666666666
2.2923058153788247 7.571666666666666
2.2923058144887287 7.571666666666666
2.2923058137257892 7.571666666666666
2.2923058190663657 7.571666666666666
2.292305814743042 7.571666666666666
2.2923058120727537 7.571666666666666
2.2923058116912842 7.571666666666666
2.292305820719401 7.571666666666666
2.292305813471476 7.571666666666666
2.2923058081309002 7.571666666666666
2.2923058175404867 7.571666666666666
2.292305822118123 7.571666666666666
2.2923058186848957 7.571666666666666
2.2923058116912842 7.571666666666666
2.2923058083852133 7.571666666666666
2.2923058235168456 7.571666666666666
2.292305818812052 7.571666666666666
2.2923058096567788 7.571666666666666
2.292305814107259 7.571666666666666
2.292305818939209 7.571666666666666
2.2923058142344157 7.571666666666666
2.2923058193206787 7.571666666666666
2.2923058169047037 7.571666666666666
2.2923058074951173 7.571666666666666
2.2923058146158852 7.571666666666666
2.292305814997355 7.571666666666666
2.292305816777547 7.571666666666666
2.292305816523234 7.571666666666666
2.292305816141764 7.571666666666666
