3.9854175277709962 30.145
4.90251115137736 30.091666666666665
5.228751847839355 29.571666666666665
5.510689824676514 29.336666666666666
5.744066942342123 29.293333333333333
5.917079760233562 29.23
6.047167255147298 29.183333333333334
6.143724501546224 29.18166666666667
6.215956553904215 29.168333333333333
6.2626188873291015 29.165
6.296798191070557 29.166666666666668
6.320484696451823 29.166666666666668
6.337095115407308 29.165
6.3482438059488935 29.158333333333335
6.35683537495931 29.161666666666665
6.362420592753092 29.161666666666665
6.366407460784912 29.156666666666666
6.369325992838542 29.158333333333335
6.371356576538086 29.158333333333335
6.372772105407715 29.16
6.373790236409505 29.161666666666665
6.374494243876139 29.161666666666665
6.37498975575765 29.16
6.3753228225708005 29.158333333333335
6.3755508906046545 29.158333333333335
6.375721892293294 29.158333333333335
6.375848301188151 29.158333333333335
6.375915451049805 29.158333333333335
6.375931470743815 29.158333333333335
6.375931634267171 29.158333333333335
