848835110.2976 39.83833333333333
3059285636.8469334 39.82666666666667
4863721686.084267 39.82333333333333
6346190233.873067 39.82666666666667
7515343135.5392 39.825
8391797453.6192 39.825
9043836567.552 39.825
9504890772.957867 39.825
9840426778.624 39.825
10078462322.824533 39.825
10246587714.218666 39.825
10366268315.511467 39.825
10449167862.442667 39.825
10507495173.870934 39.825
10548009228.151466 39.825
10576660749.243732 39.825
10596776459.195734 39.825
10610917730.986666 39.825
10620936081.134933 39.825
10627908605.815466 39.825
10632639569.1008 39.825
10635820297.4208 39.825
10638040727.005867 39.825
10639756965.751467 39.825
10640892373.128532 39.825
10641446705.5616 39.825
10641598594.525867 39.825
10641599414.272 39.825
10641599608.149334 39.825
10641599575.381332 39.825
