86520526234714.11 7.125
432484538667639.3 7.125
658576554337151.6 7.125
807687170663977.2 7.126666666666667
914170008014159.9 7.125
991236428918825.5 7.125
1046765726331900.1 7.126666666666667
1086246122743975.1 7.126666666666667
1114248974828568.6 7.126666666666667
1134008146142114.5 7.126666666666667
1147869851368502.0 7.126666666666667
1157661515053985.5 7.126666666666667
1164517702917755.2 7.126666666666667
1169326913197930.2 7.126666666666667
1172679567138794.2 7.126666666666667
1175033410579385.5 7.126666666666667
1176681015439209.2 7.126666666666667
1177841624193678.2 7.126666666666667
1178659348600621.2 7.126666666666667
1179215403628293.8 7.126666666666667
1179575791041293.0 7.126666666666667
1179761487638849.2 7.126666666666667
1179888489857583.2 7.126666666666667
1179980623062202.2 7.126666666666667
1180072974952239.5 7.126666666666667
1180122445101382.5 7.126666666666667
1180122438229435.0 7.126666666666667
1180122438229435.0 7.126666666666667
1180122439052637.0 7.126666666666667
1180122439911630.5 7.126666666666667
