1354481.175 44.66
3853092.2222666666 44.65833333333333
6448316.845866667 44.655
8763987.725866666 44.656666666666666
10645491.378133334 44.653333333333336
12124079.9952 44.655
13234850.4464 44.655
14034969.857066667 44.655
14616658.400533333 44.651666666666664
15034331.746133333 44.651666666666664
15332713.567466667 44.651666666666664
15544082.1872 44.651666666666664
15691169.088 44.651666666666664
15794257.506133333 44.651666666666664
15866766.493866667 44.651666666666664
15917894.635733332 44.651666666666664
15953929.0 44.65
15979150.038933333 44.64833333333333
15996544.809066666 44.64833333333333
16009050.9152 44.65
16017850.272 44.65
16023911.3072 44.65
16027720.998933334 44.64833333333333
16030494.456533333 44.65
16032256.776 44.65
16032929.903466666 44.64833333333333
16033112.685866667 44.65
16033114.1552 44.64833333333333
16033114.097066667 44.64833333333333
16033114.135466667 44.64833333333333
