43.077231465657555 46.42166666666667
121.79343852132162 46.01
206.67141747233072 44.71666666666667
294.08555556640624 44.98
358.0058145507812 44.721666666666664
416.1934628417969 45.093333333333334
457.0395387532552 45.14
488.37080810546877 45.028333333333336
508.17319742838544 44.94166666666667
522.6996901204427 44.983333333333334
533.2546466145833 44.98166666666667
540.7506276204427 44.925
545.6267158203125 44.95166666666667
549.560882389323 44.94
552.526909391276 44.935
554.578169954427 44.94833333333333
555.9119086751302 44.955
556.7792743326823 44.95666666666666
557.4124722330729 44.958333333333336
557.8228476888021 44.95333333333333
558.0772915527343 44.946666666666665
558.2632044759115 44.94833333333333
558.3556825846354 44.94166666666667
558.3673606282553 44.93333333333333
558.2641471354167 44.91
558.1720021809896 44.89333333333333
558.1048929361979 44.895
558.0831496907552 44.89333333333333
558.0819703776042 44.891666666666666
558.0821204427083 44.891666666666666
