23837744923.716267 6.673333333333333
287050547724.288 6.541666666666667
780644810979.1914 6.58
1235796146327.825 6.583333333333333
1562058173360.8105 6.601666666666667
1776593555877.615 6.595
1894776579293.184 6.59
1968206249984.0 6.581666666666667
2015250015234.7307 6.581666666666667
2045367990074.2998 6.575
2067577962775.6204 6.58
2082788565966.3018 6.585
2092872001336.1152 6.581666666666667
2099562299855.121 6.578333333333333
2103772690828.493 6.583333333333333
2106057918285.9604 6.581666666666667
2107794386915.601 6.583333333333333
2109219473212.4844 6.583333333333333
2110031901438.7712 6.585
2110808146592.8362 6.583333333333333
2110861365879.33 6.585
2111355912349.2864 6.585
2107419808025.8047 6.576666666666667
2103288916729.3098 6.571666666666666
2100889960788.787 6.56
2100890082982.8438 6.56
2100890149881.9924 6.56
2100890162954.24 6.56
2100890183855.855 6.56
2100890183576.2346 6.56
