14735.650742708332 21.98
21867389.982933335 24.748333333333335
588205126.0416 24.785
1852450349.2608 24.841666666666665
3205191479.0229335 24.893333333333334
4379674276.2496 24.91
5355961027.7888 24.926666666666666
6112963610.2144 24.933333333333334
6677617645.9776 24.936666666666667
7110329874.0224 24.94
7424556326.912 24.941666666666666
7650347642.606934 24.946666666666665
7810057158.656 24.945
7924811867.477333 24.946666666666665
8004804793.1392 24.951666666666668
8060340136.072534 24.95
8100349902.0288 24.953333333333333
8128391060.6848 24.951666666666668
8148047011.84 24.953333333333333
8161598308.352 24.953333333333333
8171173453.824 24.953333333333333
8177729104.827733 24.953333333333333
8182297410.218667 24.953333333333333
8185487470.592 24.953333333333333
8187750043.101867 24.953333333333333
8189263759.7696 24.953333333333333
8189887354.197333 24.953333333333333
8190027449.412267 24.953333333333333
8190118912.546133 24.953333333333333
8190169603.003734 24.953333333333333
