4.757805458577474 14.031666666666666
8.985666339111328 14.596666666666666
9.453939682006835 14.348333333333333
10.705668669637044 14.43
11.232118268839518 14.418333333333333
11.91333157602946 14.471666666666666
12.061864686075847 14.473333333333333
12.111692005411784 14.438333333333333
12.149204551696778 14.43
12.284811469523111 14.441666666666666
12.376025449117025 14.455
12.475460214233399 14.466666666666667
12.503464538065593 14.471666666666666
12.53760185801188 14.48
12.537232034810383 14.475
12.542324869791667 14.473333333333333
12.544072955322266 14.473333333333333
12.552459807332356 14.473333333333333
12.548196832784017 14.468333333333334
12.557916923014323 14.473333333333333
12.559246992492676 14.473333333333333
12.560494412740072 14.473333333333333
12.558292112731934 14.475
12.524519723002117 14.465
12.479773344930013 14.45
12.44088949991862 14.438333333333333
12.419961724344889 14.426666666666666
12.418870090738933 14.423333333333334
12.418863936869304 14.423333333333334
12.418863895161946 14.423333333333334
