0.9481600299517313 69.66166666666666
1.5302739735921225 68.525
2.368069819323222 62.785
3.1466863333384194 58.56166666666667
3.8016945541381837 55.25833333333333
4.307832782236735 52.82666666666667
4.6576332775115965 51.31666666666667
4.898355035400391 50.26
5.061150542449951 49.586666666666666
5.171830071512858 49.108333333333334
5.249469405873617 48.78333333333333
5.302885979970296 48.531666666666666
5.342428508504232 48.42
5.367890046437581 48.31
5.3856786979675295 48.26
5.398246642049154 48.20166666666667
5.40707237701416 48.17
5.413446777852377 48.138333333333335
5.417881247456869 48.12166666666667
5.420859055074056 48.111666666666665
5.423069309488932 48.10666666666667
5.424668456776937 48.096666666666664
5.425792335001628 48.09166666666667
5.426569357299805 48.09
5.427089612833659 48.08833333333333
5.427253409576416 48.08833333333333
5.427298224639893 48.08833333333333
5.427335391743978 48.08833333333333
5.42735207417806 48.086666666666666
5.427363524881999 48.086666666666666
