0.6805694098472596 79.43333333333334
0.6805694125811259 79.43333333333334
0.6805694106737773 79.43333333333334
0.6805694092750549 79.43333333333334
0.6805694097518921 79.43333333333334
0.6805694104830424 79.43333333333334
0.6805694132169088 79.43333333333334
0.6805694112459818 79.43333333333334
0.6805694104830424 79.43333333333334
0.6805694122950235 79.43333333333334
0.6805694115638733 79.43333333333334
0.6805694119135539 79.43333333333334
0.6805694098790487 79.43333333333334
0.6805694107055664 79.43333333333334
0.6805694121360779 79.43333333333334
0.6805694113572438 79.43333333333334
0.6805694103240967 79.43333333333334
0.6805694114049275 79.43333333333334
0.6805694138526917 79.43333333333334
0.6805694116274515 79.43333333333334
0.6805694155375163 79.43333333333334
0.6805694102287293 79.43333333333334
0.6805694109280904 79.43333333333334
0.6805694121996562 79.43333333333334
0.6805694100379944 79.43333333333334
0.6805694099744161 79.43333333333334
0.6805694103558858 79.43333333333334
0.6805694105784098 79.43333333333334
0.6805694125493368 79.43333333333334
0.6805694105784098 79.43333333333334
