3.328557819112142 24.096666666666668
10.58708948287964 23.27166666666667
18.3616777730306 23.248333333333335
24.463695443725587 23.216666666666665
29.68858135681152 23.18166666666667
33.62490187784831 23.18166666666667
36.30896150919596 23.19
38.36766309712728 23.185
39.79891284179688 23.19
40.86394463297526 23.19333333333333
41.56037192382812 23.19333333333333
42.024022920735675 23.19333333333333
42.39707506713867 23.198333333333334
42.6544286336263 23.198333333333334
42.83151893717448 23.2
42.955259681193034 23.2
43.04682972005208 23.2
43.107864945475264 23.2
43.15159493204752 23.2
43.180973417154945 23.2
43.20241779378255 23.198333333333334
43.21725189921061 23.198333333333334
43.22826229044596 23.198333333333334
43.235479909261066 23.198333333333334
43.240884653727214 23.198333333333334
43.2444733988444 23.198333333333334
43.24601344604492 23.198333333333334
43.246926658121744 23.198333333333334
43.247357682291664 23.198333333333334
43.247716204833985 23.198333333333334
