2.3444973829905194 10.32
2.344497384262085 10.32
2.3444973880767823 10.32
2.344497378285726 10.32
2.3444973757425944 10.32
2.3444973885854083 10.32
2.344497382481893 10.32
2.3444973805745444 10.32
2.344497388458252 10.32
2.34449739112854 10.32
2.344497383626302 10.32
2.344497389094035 10.32
2.3444973880767823 10.32
2.3444973850250244 10.32
2.3444973745981854 10.32
2.3444973817189534 10.32
2.3444973868052164 10.32
2.344497383626302 10.32
2.3444973861694334 10.32
2.344497387568156 10.32
2.3444973838806153 10.32
2.3444973838806153 10.32
2.3444973784128824 10.32
2.3444973808288574 10.32
2.3444973834991454 10.32
2.3444973805745444 10.32
2.3444973793029784 10.32
2.3444973845163983 10.32
2.3444973918914793 10.32
2.34449738184611 10.32
