2.3293963353474934 10.0
2.3293963396708173 10.0
2.3293963353474934 10.0
2.3293963362375893 10.0
2.329396330134074 10.0
2.3293963350931803 10.0
2.329396331659953 10.0
2.3293963377634683 10.0
2.32939633547465 10.0
2.32939633102417 10.0
2.329396334711711 10.0
2.3293963366190593 10.0
2.3293963422139488 10.0
2.32939633585612 10.0
2.3293963335673014 10.0
2.3293963419596353 10.0
2.329396331659953 10.0
2.329396332295736 10.0
2.3293963401794433 10.0
2.329396338272095 10.0
2.3293963446299233 10.0
2.329396338907878 10.0
2.3293963338216144 10.0
2.3293963326772054 10.0
2.329396334966024 10.0
2.329396334584554 10.0
2.3293963350931803 10.0
2.3293963305155434 10.0
2.329396334966024 10.0
2.329396337000529 10.0
