2.3072401279449464 10.42
2.3072401233673094 10.42
2.3072401248931884 10.42
2.3072401270548504 10.42
2.3072401231129964 10.42
2.307240129597982 10.42
2.307240130488078 10.42
2.3072401219685874 10.42
2.3072401321411133 10.42
2.307240128962199 10.42
2.307240126546224 10.42
2.3072401330312093 10.42
2.307240125910441 10.42
2.307240128962199 10.42
2.307240120315552 10.42
2.30724012743632 10.42
2.307240128962199 10.42
2.307240133539836 10.42
2.3072401228586834 10.42
2.307240128072103 10.42
2.307240131123861 10.42
2.307240129852295 10.42
2.3072401261647544 10.42
2.307240120569865 10.42
2.3072401327768963 10.42
2.3072401231129964 10.42
2.307240131123861 10.42
2.3072401294708254 10.42
2.307240120569865 10.42
2.3072401251475014 10.42
