145755.76856666667 58.77333333333333
438540.151125 58.751666666666665
772843.5001 58.748333333333335
1088722.2102 58.751666666666665
1353751.6216666666 58.748333333333335
1561658.0553333333 58.748333333333335
1719290.979 58.75
1835402.589 58.748333333333335
1921153.0585333332 58.74666666666667
1982233.1706666667 58.74333333333333
2025953.6347333333 58.74333333333333
2056935.441 58.74333333333333
2078793.1623333334 58.74333333333333
2094147.4037333333 58.74333333333333
2104959.2710666666 58.74333333333333
2112556.099066667 58.74333333333333
2117883.6384666665 58.74333333333333
2121588.3777333335 58.74333333333333
2124180.594733333 58.74333333333333
2126019.4262 58.74333333333333
2127289.6040666667 58.74333333333333
2128146.1112 58.74333333333333
2128781.806133333 58.74333333333333
2129269.514733333 58.74333333333333
2129516.7372666667 58.74333333333333
2129606.803 58.74333333333333
2129628.4167333334 58.74333333333333
2129628.4304 58.74333333333333
2129628.4184666667 58.74333333333333
2129628.417933333 58.74333333333333
