3.3753926432291665 10.933333333333334
3.3753926394144695 10.933333333333334
3.3753926418304445 10.933333333333334
3.3753926513671875 10.933333333333334
3.375392640686035 10.933333333333334
3.375392648188273 10.933333333333334
3.37539265276591 10.933333333333334
3.3753926516215005 10.933333333333334
3.3753926517486574 10.933333333333334
3.37539265276591 10.933333333333334
3.37539263827006 10.933333333333334
3.375392651240031 10.933333333333334
3.3753926418304445 10.933333333333334
3.3753926498413085 10.933333333333334
3.3753926462809245 10.933333333333334
3.3753926486968995 10.933333333333334
3.3753926445007325 10.933333333333334
3.375392635599772 10.933333333333334
3.3753926516215005 10.933333333333334
3.375392649078369 10.933333333333334
3.3753926378885906 10.933333333333334
3.3753926462809245 10.933333333333334
3.3753926516215005 10.933333333333334
3.375392649459839 10.933333333333334
3.3753926595052084 10.933333333333334
3.3753926429748535 10.933333333333334
3.3753926450093585 10.933333333333334
3.3753926469167075 10.933333333333334
3.375392650349935 10.933333333333334
3.3753926427205405 10.933333333333334
