2.3104344805399575 9.998333333333333
2.3104344797770184 9.998333333333333
2.3104344763437905 9.998333333333333
2.310434476598104 9.998333333333333
2.3104344760894775 9.998333333333333
2.3104344785054525 9.998333333333333
2.3104344782511395 9.998333333333333
2.3104344661712646 9.998333333333333
2.3104344787597655 9.998333333333333
2.310434470240275 9.998333333333333
2.310434473800659 9.998333333333333
2.310434474817912 9.998333333333333
2.310434478378296 9.998333333333333
2.310434479904175 9.998333333333333
2.310434485626221 9.998333333333333
2.310434477996826 9.998333333333333
2.3104344764709475 9.998333333333333
2.3104344703674315 9.998333333333333
2.310434473546346 9.998333333333333
2.3104344820658365 9.998333333333333
2.3104344782511395 9.998333333333333
2.3104344730377195 9.998333333333333
2.3104344743092855 9.998333333333333
2.3104344787597655 9.998333333333333
2.310434480412801 9.998333333333333
2.3104344772338865 9.998333333333333
2.3104344809214274 9.998333333333333
2.3104344740549725 9.998333333333333
2.310434474690755 9.998333333333333
2.310434479522705 9.998333333333333
