281.9546420247396 72.16
1711.9744006510416 72.24166666666666
3558.1420873046877 72.27833333333334
5320.842726692708 72.28666666666666
6838.458436979166 72.29333333333334
8085.842576041667 72.28833333333333
9035.674234895834 72.28666666666666
9735.410743359374 72.285
10243.56542890625 72.285
10610.571765364582 72.285
10866.310081770833 72.28666666666666
11053.494551302083 72.28833333333333
11183.83667265625 72.28666666666666
11276.618439583333 72.28833333333333
11341.60239765625 72.28833333333333
11386.361862760417 72.28666666666666
11418.381208723958 72.28666666666666
11440.578351822916 72.28666666666666
11456.008555729166 72.28666666666666
11466.726925 72.28666666666666
11474.474999739583 72.28666666666666
11479.903515494792 72.28666666666666
11483.64790078125 72.28666666666666
11486.34211171875 72.28666666666666
11488.242958854167 72.28666666666666
11489.53627578125 72.28666666666666
11490.095390104167 72.28666666666666
11490.163617447917 72.28666666666666
11490.165051041668 72.28666666666666
11490.16501015625 72.28666666666666
