0.9096045179049174 73.38833333333334
3.824386489105225 63.96
1.3585970141092936 62.95
1.3032267722447712 55.27
1.2846411226908365 55.04833333333333
1.287945002492269 54.473333333333336
1.2903168667475382 54.23166666666667
1.2920833567301433 54.053333333333335
1.2929495047887167 53.96333333333333
1.293561412111918 53.913333333333334
1.2939440081914266 53.88
1.2942169576644897 53.88166666666667
1.2943856168111165 53.885
1.2944977279663086 53.88
1.294596595319112 53.861666666666665
1.2946726945241291 53.855
1.2947304735183716 53.85166666666667
1.2948085291544595 53.84
1.2948530600865682 53.848333333333336
1.2949424505869547 53.85166666666667
1.2950200319925944 53.85666666666667
1.2950791476567587 53.85333333333333
1.2951232599894207 53.855
1.2951512261072795 53.85
1.2951678198496501 53.848333333333336
1.2951765232721963 53.845
1.2951811351776124 53.845
1.2951810696919759 53.845
1.2951819531758626 53.845
1.2951819304784138 53.845
