16.768188412475585 11.01
16.768188435872396 11.01
16.768188411458333 11.01
16.768188424682616 11.01
16.768188482666016 11.01
16.76818842163086 11.01
16.768188405354817 11.01
16.76818845469157 11.01
16.76818843638102 11.01
16.768188431803384 11.01
16.768188416544596 11.01
16.768188416544596 11.01
16.768188380940757 11.01
16.76818844095866 11.01
16.768188448079428 11.01
16.768188461812336 11.01
16.7681884572347 11.01
16.768188452148436 11.01
16.76818845316569 11.01
16.768188412475585 11.01
16.76818844095866 11.01
16.76818841094971 11.01
16.7681884185791 11.01
16.768188375854493 11.01
16.76818839009603 11.01
16.768188422648112 11.01
16.768188488769532 11.01
16.768188485717772 11.01
16.768188397725424 11.01
16.76818840637207 11.01
