0.6562056241671245 80.34666666666666
0.689747347799937 74.92833333333333
0.7419820521354675 72.41166666666666
0.9283867420196533 67.48833333333333
1.0141570943196614 64.74
1.065197328821818 62.03666666666667
1.1349101654688518 60.73166666666667
1.1817542997360229 60.348333333333336
1.205605529085795 60.36666666666667
1.2205570841471354 60.285
1.2295299626032512 60.265
1.2352832553863526 60.233333333333334
1.2392886739730835 60.17333333333333
1.2416255935033162 60.155
1.242879852803548 60.123333333333335
1.2440107051213583 60.093333333333334
1.2447054388682048 60.07
1.245180953915914 60.055
1.245436698659261 60.056666666666665
1.2456674726486205 60.04833333333333
1.2458824234644572 60.04666666666667
1.2460055878957113 60.041666666666664
1.2460614662806193 60.045
1.2461539845784506 60.038333333333334
1.2461712310791015 60.04333333333334
1.24618927637736 60.041666666666664
1.2461946310679117 60.045
1.2462097869873048 60.04333333333334
1.2462165772120157 60.04833333333333
1.2462216413497924 60.04833333333333
