2.0911103384653726 31.86
2.081191054153442 31.761666666666667
2.0849638272603355 31.838333333333335
2.092714110183716 31.776666666666667
2.114184026590983 31.828333333333333
2.0926294962565106 31.731666666666666
2.106915951538086 31.788333333333334
2.1071864709218344 31.796666666666667
2.1071554958343506 31.788333333333334
2.108247174326579 31.786666666666665
2.105777110290527 31.78
2.1051221604665122 31.785
2.1060927734375 31.785
2.1057197081247967 31.785
2.1061466740290324 31.786666666666665
2.10606816889445 31.786666666666665
2.105977800877889 31.785
2.1059876160939535 31.785
2.10598204536438 31.785
2.1059714118321735 31.785
2.105865452067057 31.785
2.105730927785238 31.785
2.105583131790161 31.788333333333334
2.1051459864934285 31.781666666666666
2.1047156666437785 31.781666666666666
2.1043258656819663 31.778333333333332
2.1040508182525635 31.776666666666667
2.103836448287964 31.775
2.1037011405944823 31.773333333333333
2.1036602933883666 31.773333333333333
