2.3116414352416994 9.87
2.311641436258952 9.87
2.3116414421081544 9.87
2.31164143409729 9.87
2.311641431427002 9.87
2.3116414315541585 9.87
2.311641433207194 9.87
2.311641440455119 9.87
2.311641428375244 9.87
2.3116414408365884 9.87
2.311641432062785 9.87
2.311641432571411 9.87
2.311641426849365 9.87
2.311641437657674 9.87
2.3116414370218914 9.87
2.31164143409729 9.87
2.3116414385477704 9.87
2.3116414361317954 9.87
2.311641437784831 9.87
2.311641425069173 9.87
2.3116414330800374 9.87
2.3116414361317954 9.87
2.3116414357503254 9.87
2.3116414352416994 9.87
2.3116414379119874 9.87
2.31164144376119 9.87
2.311641437784831 9.87
2.3116414309183755 9.87
2.311641433207194 9.87
2.311641433461507 9.87
