1169.010439029948 7.98
2772.144113671875 7.971666666666667
4245.162445052083 7.973333333333334
5476.916528385416 7.975
6425.56458828125 7.975
7127.80088671875 7.975
7641.249571354167 7.975
8014.230507291667 7.975
8277.707267708332 7.975
8466.470036458333 7.975
8599.962835416667 7.975
8694.381627604167 7.975
8759.706976302083 7.975
8805.710270833333 7.975
8837.9962703125 7.975
8860.687976041667 7.975
8876.6021578125 7.975
8887.702790104167 7.975
8895.44635390625 7.975
8900.89385234375 7.975
8904.706188802083 7.975
8907.344350260417 7.975
8909.209793229167 7.975
8910.47114375 7.975
8911.426296354166 7.975
8912.199282291667 7.975
8912.47669453125 7.975
8912.4792359375 7.975
8912.479226041667 7.975
8912.479191666667 7.975
