7.094907922777968e+18 10.705
7.23367702047508e+20 10.721666666666666
4.255828078863046e+21 10.726666666666667
9.350681125988215e+21 10.731666666666667
1.3704946937549365e+22 10.731666666666667
1.6678601719912866e+22 10.731666666666667
1.8545127711570852e+22 10.731666666666667
1.9698359863671356e+22 10.731666666666667
2.040817331303009e+22 10.73
2.085032613438092e+22 10.73
2.1127675219357756e+22 10.73
2.1303727232029704e+22 10.73
2.1418427701372786e+22 10.73
2.1494158003725073e+22 10.73
2.1545265637724248e+22 10.73
2.1579929155906094e+22 10.73
2.1603535677675765e+22 10.73
2.1620599636519887e+22 10.73
2.1631314208039436e+22 10.73
2.1638422596016407e+22 10.73
2.164340130618911e+22 10.73
2.1646960412103583e+22 10.73
2.164947363086364e+22 10.73
2.1650897884037635e+22 10.73
2.165215831307063e+22 10.73
2.165341850671548e+22 10.73
2.165366166626752e+22 10.73
2.1653661725114556e+22 10.73
2.1653661584602247e+22 10.73
2.1653661583401288e+22 10.73
