1.474205108698209 87.09
1.4383803654015064 88.13166666666666
1.4075952054455876 88.37333333333333
1.4075951960245767 88.37333333333333
1.4075951975782712 88.37333333333333
1.4075951820294061 88.37333333333333
1.4075952058151364 88.37333333333333
1.407595211994648 88.37333333333333
1.4075952025969822 88.37333333333333
1.407595204013586 88.37333333333333
1.4075952011267343 88.37333333333333
1.4075952076514562 88.37333333333333
1.4075951965093612 88.37333333333333
1.4075952184677123 88.37333333333333
1.4075952040513358 88.37333333333333
1.4075952116966248 88.37333333333333
1.4075952081282934 88.37333333333333
1.4075952004214127 88.37333333333333
1.4075952026844025 88.37333333333333
1.4075951945046583 88.37333333333333
1.407595213607947 88.37333333333333
1.407595207587878 88.37333333333333
1.4075951972444851 88.37333333333333
1.4075952118781705 88.37333333333333
1.4075952123562494 88.37333333333333
1.407595213929812 88.37333333333333
1.4075952044844628 88.37333333333333
1.4075951974391938 88.37333333333333
1.4075951836943625 88.37333333333333
1.4075952154040337 88.37333333333333
