2.306052774302165 30.801666666666666
2.305091314315796 11.313333333333333
2.3060480093638103 11.316666666666666
2.3014871122996015 11.243333333333334
2.3014101890563965 11.236666666666666
2.301395468521118 11.241666666666667
2.301399264907837 11.24
2.3013870735168456 11.238333333333333
2.301385048675537 11.238333333333333
2.30138167292277 11.238333333333333
2.3013801427205403 11.236666666666666
2.3013794191996255 11.236666666666666
2.301378651301066 11.236666666666666
2.301377668253581 11.236666666666666
2.3013770275115966 11.238333333333333
2.3013767635345457 11.238333333333333
2.3013765944163005 11.238333333333333
2.301376201756795 11.238333333333333
2.301376168314616 11.238333333333333
2.3013761417388916 11.238333333333333
2.3013759323120118 11.238333333333333
2.3013759689331055 11.238333333333333
2.3013760639190672 11.238333333333333
2.301375904973348 11.238333333333333
2.301375797526042 11.238333333333333
2.3013758149464927 11.238333333333333
2.301375738143921 11.238333333333333
2.301375638961792 11.238333333333333
2.301375676091512 11.238333333333333
2.3013757742563885 11.238333333333333
