2.2923400986989337 9.498333333333333
2.2923401021321617 9.498333333333333
2.2923401041666667 9.498333333333333
2.292340100479126 9.498333333333333
2.2923400995890297 9.498333333333333
2.2923400904337563 9.498333333333333
2.292340099843343 9.498333333333333
2.2923400975545247 9.498333333333333
2.292340097173055 9.498333333333333
2.2923400924682618 9.498333333333333
2.292340104548136 9.498333333333333
2.2923400995890297 9.498333333333333
2.292340096537272 9.498333333333333
2.292340106074015 9.498333333333333
2.2923400914510093 9.498333333333333
2.2923400964101157 9.498333333333333
2.2923400915781658 9.498333333333333
2.2923401002248127 9.498333333333333
2.2923400997161867 9.498333333333333
2.292340098063151 9.498333333333333
2.2923400979359942 9.498333333333333
2.2923400997161867 9.498333333333333
2.2923401003519692 9.498333333333333
2.2923400937398273 9.498333333333333
2.292340101242065 9.498333333333333
2.292340100733439 9.498333333333333
2.2923400990804037 9.498333333333333
2.292340091196696 9.498333333333333
2.292340097173055 9.498333333333333
2.2923401048024497 9.498333333333333
