1.379542847442627 45.31
1.3737495103200277 49.083333333333336
1.376283130645752 49.05166666666667
1.3764387087504069 49.05166666666667
1.3764387100219726 49.05166666666667
1.376438708114624 49.05166666666667
1.3764387060801189 49.05166666666667
1.3764387069066366 49.05166666666667
1.3764387049992879 49.05166666666667
1.376438710975647 49.05166666666667
1.3764387088775634 49.05166666666667
1.3764387076059976 49.05166666666667
1.3764387037913004 49.05166666666667
1.3764387073516846 49.05166666666667
1.376438708559672 49.05166666666667
1.376438707224528 49.05166666666667
1.3764387088775634 49.05166666666667
1.3764387087504069 49.05166666666667
1.3764387081782024 49.05166666666667
1.376438711420695 49.05166666666667
1.37643870900472 49.05166666666667
1.3764387053171794 49.05166666666667
1.3764387042999267 49.05166666666667
1.3764387065251669 49.05166666666667
1.376438708114624 49.05166666666667
1.3764387087504069 49.05166666666667
1.376438707224528 49.05166666666667
1.3764387104670206 49.05166666666667
1.3764387102127076 49.05166666666667
1.3764387101491293 49.05166666666667
