4.4088513389587405 37.24166666666667
31.482368806966146 39.52333333333333
455.24575071614584 35.26166666666666
620.1370296549479 34.593333333333334
482.2274384765625 34.638333333333335
263.25798387044273 34.91833333333334
66.19993172607421 36.64666666666667
5453.55025703125 16.226666666666667
15391.783776041666 16.245
26364.490278125 16.231666666666666
36361.957177083335 16.233333333333334
44824.375377083335 16.233333333333334
51459.12447083333 16.245
56528.471495833335 16.246666666666666
60173.55066666667 16.255
62918.09374791667 16.255
64868.32572083333 16.261666666666667
66253.5221125 16.265
67240.62928125 16.268333333333334
67931.7334625 16.266666666666666
68417.86203125 16.266666666666666
68762.6442125 16.265
69001.8014875 16.263333333333332
69172.19438333334 16.263333333333332
69294.106825 16.263333333333332
69376.57076666667 16.263333333333332
69434.022475 16.263333333333332
69476.94634583333 16.263333333333332
69507.42832708334 16.263333333333332
69528.58800833333 16.263333333333332
