31.06579155782064 10.675
31.065791344197592 10.675
31.065791467285155 10.675
31.065791358439128 10.675
31.065791536458335 10.675
31.06579130045573 10.675
31.065791415405272 10.675
31.06579144592285 10.675
31.06579148152669 10.675
31.065791487630207 10.675
31.065791394042968 10.675
31.065791415405272 10.675
31.065791430664063 10.675
31.065791322835288 10.675
31.06579141438802 10.675
31.06579146118164 10.675
31.065791337076824 10.675
31.06579146525065 10.675
31.065791387939452 10.675
31.065791364542644 10.675
31.065791458129883 10.675
31.065791416422528 10.675
31.06579141743978 10.675
31.065791341145832 10.675
31.06579133097331 10.675
31.06579148457845 10.675
31.06579142659505 10.675
31.065791357421876 10.675
31.065791392008464 10.675
31.065791446940104 10.675
