1.1851208068847656 58.14333333333333
1.1851208038965861 58.14333333333333
1.1851208026885987 58.14333333333333
1.185120803197225 58.14333333333333
1.185120799891154 58.14333333333333
1.1851208038330079 58.14333333333333
1.1851208083470663 58.14333333333333
1.1851208066304524 58.14333333333333
1.1851208047866821 58.14333333333333
1.1851208059946696 58.14333333333333
1.1851208078384399 58.14333333333333
1.1851208082199096 58.14333333333333
1.1851208063125611 58.14333333333333
1.185120805422465 58.14333333333333
1.1851208024342854 58.14333333333333
1.1851208058039346 58.14333333333333
1.1851208035786946 58.14333333333333
1.185120810317993 58.14333333333333
1.1851208087285359 58.14333333333333
1.185120809618632 58.14333333333333
1.1851208056131999 58.14333333333333
1.1851208084106446 58.14333333333333
1.185120804977417 58.14333333333333
1.1851208061854044 58.14333333333333
1.1851208079020181 58.14333333333333
1.1851208042780559 58.14333333333333
1.1851208020528157 58.14333333333333
1.1851208065668741 58.14333333333333
1.1851208044687906 58.14333333333333
1.1851208061218261 58.14333333333333
