9.291764040629069 60.885
24.977582868448895 47.1
5.15947109934489 66.205
5.159471096674602 66.205
5.159471168136597 66.205
5.159471179962158 66.205
5.159471185938517 66.205
5.159471135203043 66.205
5.1594711118062335 66.205
5.159471101633708 66.205
5.15947114016215 66.205
5.15947118174235 66.205
5.159471149571736 66.205
5.159471135584513 66.205
5.15947117284139 66.205
5.159471154149373 66.205
5.1594711147308345 66.205
5.159471152114868 66.205
5.1594711124420165 66.205
5.159471156565348 66.205
5.159471169535319 66.205
5.159471164321899 66.205
5.159471134312947 66.205
5.159471093877157 66.205
5.159471177037557 66.205
5.159471143468221 66.205
5.159471143213908 66.205
5.159471133422851 66.205
5.159471169153849 66.205
5.159471215693156 66.205
