2.145714617665609 22.51
2.145857502110799 22.51
2.145857504781087 22.51
2.1458575079600015 22.51
2.145857503890991 22.51
2.145857501475016 22.51
2.14585750541687 22.51
2.145857498804728 22.51
2.145857510503133 22.51
2.1458575064341225 22.51
2.1458574998219806 22.51
2.14585750541687 22.51
2.145857502492269 22.51
2.145857502492269 22.51
2.145857506052653 22.51
2.1458574968973796 22.51
2.145857499694824 22.51
2.14585750096639 22.51
2.1458575066248575 22.51
2.1458575037638346 22.51
2.14585750058492 22.51
2.145857508087158 22.51
2.1458575068155925 22.51
2.14585750058492 22.51
2.1458575004577636 22.51
2.1458575040181476 22.51
2.1458575050354005 22.51
2.145857491938273 22.51
2.145857496388753 22.51
2.1458574893951416 22.51
