5.700406964321604e+17 16.288333333333334
2.896990319933157e+18 16.221666666666668
5.742478025456332e+18 16.208333333333332
8.551101584399386e+18 16.211666666666666
1.1032713617542932e+19 16.218333333333334
1.3049768327911858e+19 16.215
1.459728110006586e+19 16.215
1.575597621235812e+19 16.211666666666666
1.661047874006392e+19 16.22
1.722595700945402e+19 16.221666666666668
1.7667068245709281e+19 16.22
1.798069064956786e+19 16.216666666666665
1.820271835748783e+19 16.216666666666665
1.8358147110901973e+19 16.216666666666665
1.8467112665592373e+19 16.216666666666665
1.8543330902522765e+19 16.216666666666665
1.859670620660319e+19 16.216666666666665
1.863447829719338e+19 16.216666666666665
1.866052666883735e+19 16.216666666666665
1.867959647888263e+19 16.216666666666665
1.8693002280561558e+19 16.218333333333334
1.870115731080587e+19 16.218333333333334
1.8706908845575455e+19 16.218333333333334
1.8710844207624684e+19 16.218333333333334
1.871252215326163e+19 16.218333333333334
1.8712572725518852e+19 16.218333333333334
1.871258128470377e+19 16.218333333333334
1.871258483715254e+19 16.218333333333334
1.8712585038289867e+19 16.218333333333334
1.8712585075233456e+19 16.218333333333334
