15534352647.7824 19.348333333333333
95077254861.07306 19.336666666666666
219976071398.46826 19.346666666666668
363736285664.59735 19.388333333333332
499361002570.82025 19.376666666666665
616454413422.8651 19.383333333333333
709515732180.4459 19.385
781411295638.3232 19.376666666666665
834599169241.9072 19.381666666666668
873348771872.768 19.376666666666665
901696592334.0288 19.373333333333335
921668001307.0336 19.375
936093037468.0576 19.376666666666665
946267370570.8203 19.375
953450244621.3802 19.375
958552348434.9781 19.375
962112713794.0822 19.375
964587852695.6885 19.375
966322683065.1392 19.375
967550623757.1072 19.375
968382830992.8618 19.375
968958849126.6731 19.375
969317428039.9531 19.375
969517998888.2773 19.373333333333335
969575706324.719 19.373333333333335
969594049414.2123 19.373333333333335
969597629322.5813 19.373333333333335
969597811949.568 19.373333333333335
969597814221.4827 19.373333333333335
969597808384.4095 19.373333333333335
