2.452831930955251 85.35166666666667
5.704789983685811 82.94
8.331109536442161 86.4
20.383031278928122 86.41166666666666
33.57292048951785 86.40333333333334
45.61453690083822 86.41166666666666
56.0573150197347 86.41333333333333
64.05719400990805 86.415
70.17867563680014 86.42
74.81273295796713 86.42166666666667
78.05320894063314 86.42166666666667
80.4241588915507 86.42166666666667
82.1558065205892 86.42166666666667
83.35071319834391 86.42166666666667
84.21011350199382 86.42166666666667
84.81282184702556 86.42166666666667
85.23668528544108 86.42166666666667
85.52414006907145 86.42166666666667
85.73567359924317 86.42166666666667
85.88178025143941 86.42166666666667
85.98428585364024 86.42166666666667
86.05762877807618 86.42166666666667
86.10722295430502 86.42166666666667
86.14278464253744 86.42166666666667
86.16712576624552 86.42166666666667
86.18393541183471 86.42166666666667
86.19578650105794 86.42166666666667
86.20354149432382 86.42166666666667
86.20838155390422 86.42166666666667
86.21137465108235 86.42166666666667
