0.5018454767386119 81.275
0.3895813979148865 85.59666666666666
0.42937850266297656 83.64
0.39105135482947034 85.58
0.3913573565165202 86.02833333333334
0.529535110092163 81.485
0.6310782350540162 79.08166666666666
0.7288387014865875 76.485
0.8206020536104838 75.42166666666667
0.8859296599070231 74.49166666666666
0.9306422055562337 73.785
0.9566238660176595 73.48666666666666
0.9872829055468242 72.86
1.003251630751292 72.60666666666667
1.0132080302238464 72.55
1.0186000458399456 72.465
1.0207119366963704 72.455
1.0241850619633992 72.365
1.0267967949549357 72.30166666666666
1.0290142611821493 72.24666666666667
1.0306387704531352 72.21833333333333
1.0318151920954386 72.18833333333333
1.0320264871915181 72.17833333333333
1.032240773741404 72.175
1.032268535677592 72.17333333333333
1.0319353074073792 72.17666666666666
1.0311624683380127 72.195
1.0305842385292052 72.20833333333333
1.0296249992688498 72.21666666666667
1.0290203601519268 72.21166666666667
