99550.2866125 50.26
132336.93993333334 50.255
155677.78245 50.25666666666667
173405.88771666668 50.28333333333333
186660.40230833334 50.29333333333334
196357.83344166668 50.306666666666665
203416.38280833332 50.32333333333333
208344.94309166668 50.32666666666667
211873.79546666666 50.335
214381.33965833334 50.336666666666666
216168.70169166668 50.335
217423.341325 50.335
218307.0388 50.335
218937.14814166666 50.335
219387.18833333332 50.335
219713.91796666666 50.335
219948.32005 50.336666666666666
220116.56483333334 50.33833333333333
220244.73045 50.33833333333333
220336.739025 50.33833333333333
220408.658825 50.33833333333333
220466.428375 50.33833333333333
220498.69699166666 50.34
220507.85968333334 50.34
220509.53086666667 50.34
220509.324825 50.34
220509.29435833334 50.34
220509.294425 50.34
220509.29405 50.34
220509.2945 50.34
