0.8985908294677735 65.13333333333334
0.8065868034680684 66.96
0.7869272305806478 67.535
0.8812456785837809 65.84833333333333
1.1229963969548544 62.99166666666667
1.6867067725499472 58.55833333333333
2.2993041377385457 55.8
3.3950657533009845 51.32666666666667
4.146845170593262 49.108333333333334
5.145780224355062 46.336666666666666
5.818924295298259 44.76166666666666
6.409780282084147 43.505
6.972323782348632 42.4
7.3506698979695635 41.72833333333333
7.631142193857829 41.22833333333333
7.8399730433146155 40.903333333333336
7.996376678212484 40.63666666666666
8.086008588663738 40.46333333333333
8.185618981933594 40.28666666666667
8.245485689290364 40.196666666666665
8.291400935872396 40.14333333333333
8.315589698028564 40.09
8.332977332051595 40.065
8.343887842051188 40.056666666666665
8.352830350748699 40.04833333333333
8.35578641535441 40.041666666666664
8.352389093271892 40.05166666666667
8.33630849761963 40.07
8.325053437042236 40.09
8.317823020935059 40.105
