2.3062770484924315 8.993333333333334
2.3062770515441895 8.993333333333334
2.3062770434061686 8.993333333333334
2.306277042007446 8.993333333333334
2.306277053833008 8.993333333333334
2.3062770367940266 8.993333333333334
2.3062770530700685 8.993333333333334
2.306277038701375 8.993333333333334
2.306277038828532 8.993333333333334
2.3062770467122395 8.993333333333334
2.3062770577748615 8.993333333333334
2.306277048746745 8.993333333333334
2.3062770488739015 8.993333333333334
2.30627704111735 8.993333333333334
2.306277043024699 8.993333333333334
2.306277054723104 8.993333333333334
2.3062770459493 8.993333333333334
2.306277053197225 8.993333333333334
2.306277042007446 8.993333333333334
2.306277047729492 8.993333333333334
2.306277042007446 8.993333333333334
2.3062770521799725 8.993333333333334
2.3062770434061686 8.993333333333334
2.3062770233154297 8.993333333333334
2.306277052307129 8.993333333333334
2.3062770434061686 8.993333333333334
2.3062770511627195 8.993333333333334
2.306277047729492 8.993333333333334
2.306277038828532 8.993333333333334
2.306277045313517 8.993333333333334
