0.9943832897186279 60.115
0.963286457379659 60.57666666666667
0.9603956940015157 60.55833333333333
0.9578706508000692 60.59
0.9609942551612854 60.455
0.9572344982147217 60.583333333333336
0.9571614184379578 60.60166666666667
0.9571817582130432 60.59
0.957454356956482 60.57
0.9575723913828532 60.56666666666667
0.9574478853861491 60.575
0.9572723992029826 60.58166666666666
0.9572926358222962 60.568333333333335
0.957334696261088 60.58
0.9573796984036763 60.58166666666666
0.957417668914795 60.583333333333336
0.9574415547688802 60.59
0.9574384822209676 60.58833333333333
0.9574471413612365 60.59166666666667
0.9574481655756633 60.59166666666667
0.9574502435048421 60.58833333333333
0.9574536921183269 60.58833333333333
0.9574487370173136 60.58833333333333
0.9574481012980143 60.58833333333333
0.9574458121617635 60.59
0.9574461802800497 60.59
0.9574490856806437 60.59166666666667
0.9574497428576152 60.58833333333333
0.9574500255266826 60.58833333333333
0.9574500679016114 60.58833333333333
