5.5537578331546026e+32 4.72
6.667584641738809e+32 4.716666666666667
6.8458331155962e+32 4.713333333333333
6.876571965861951e+32 4.713333333333333
6.882282390144529e+32 4.713333333333333
6.883377372042784e+32 4.713333333333333
6.88354376397611e+32 4.713333333333333
6.883543775942865e+32 4.713333333333333
6.883543795749905e+32 4.713333333333333
6.883543764388758e+32 4.713333333333333
6.883543750771418e+32 4.713333333333333
6.883543759024351e+32 4.713333333333333
6.88354375716744e+32 4.713333333333333
6.883543767277285e+32 4.713333333333333
6.883543742105837e+32 4.713333333333333
6.883543777180804e+32 4.713333333333333
6.883543771197429e+32 4.713333333333333
6.883543759024351e+32 4.713333333333333
6.883543753659945e+32 4.713333333333333
6.883543792448732e+32 4.713333333333333
6.883543799051078e+32 4.713333333333333
6.883543774704924e+32 4.713333333333333
6.883543749533477e+32 4.713333333333333
6.883543721473504e+32 4.713333333333333
6.883543774085955e+32 4.713333333333333
6.883543763563464e+32 4.713333333333333
6.883543774292278e+32 4.713333333333333
6.883543770165812e+32 4.713333333333333
6.883543753247297e+32 4.713333333333333
6.883543790385498e+32 4.713333333333333
