2.307925793202718 10.0
2.3079257867177327 10.0
2.307925784556071 10.0
2.3079257821400962 10.0
2.3079257860819498 10.0
2.307925778325399 10.0
2.3079257849375407 10.0
2.3079257882436117 10.0
2.3079257860819498 10.0
2.3079257877349852 10.0
2.3079257877349852 10.0
2.3079257817586263 10.0
2.3079257858276367 10.0
2.307925789642334 10.0
2.3079257906595867 10.0
2.307925792948405 10.0
2.3079257788340253 10.0
2.3079257795969643 10.0
2.3079257698059084 10.0
2.307925800704956 10.0
2.3079257843017578 10.0
2.3079257951100667 10.0
2.3079257868448892 10.0
2.3079257900238037 10.0
2.307925777435303 10.0
2.3079257823944093 10.0
2.3079257831573488 10.0
2.3079257853190103 10.0
2.307925791422526 10.0
2.3079257879892987 10.0
