24.455178764851887 11.458333333333334
24.455178799438478 11.458333333333334
24.455178876749674 11.458333333333334
24.45517880859375 11.458333333333334
24.455178838094074 11.458333333333334
24.455178812662762 11.458333333333334
24.45517866821289 11.458333333333334
24.455178786214194 11.458333333333334
24.45517858174642 11.458333333333334
24.455178720092775 11.458333333333334
24.45517870686849 11.458333333333334
24.455178662109375 11.458333333333334
24.455178690592447 11.458333333333334
24.45517879638672 11.458333333333334
24.45517864786784 11.458333333333334
24.455178845214842 11.458333333333334
24.455178736368815 11.458333333333334
24.45517880554199 11.458333333333334
24.45517882385254 11.458333333333334
24.45517884419759 11.458333333333334
24.45517863972982 11.458333333333334
24.455178790283203 11.458333333333334
24.45517873128255 11.458333333333334
24.455178795369466 11.458333333333334
24.45517876586914 11.458333333333334
24.4551787302653 11.458333333333334
24.45517868652344 11.458333333333334
24.4551787109375 11.458333333333334
24.45517875874837 11.458333333333334
24.45517876180013 11.458333333333334
