4.649535163116455 10.421666666666667
3.12505098139445 10.21
2.906182014465332 10.17
2.7641821085611977 10.143333333333333
2.718211662419637 10.131666666666666
2.673014752324422 10.125
2.6443328201293945 10.118333333333334
2.6302794330596924 10.116666666666667
2.6248475854237876 10.115
2.619639501953125 10.115
2.616175501759847 10.115
2.614168683751424 10.115
2.612633560816447 10.115
2.6113674644470213 10.115
2.610867970530192 10.113333333333333
2.6103693855285646 10.113333333333333
2.6100205416361493 10.113333333333333
2.609702438990275 10.113333333333333
2.6094234436035157 10.113333333333333
2.6093012232462565 10.113333333333333
2.6091152506510418 10.113333333333333
2.608888161087036 10.113333333333333
2.608726948801676 10.113333333333333
2.6086776204427085 10.113333333333333
2.609038991546631 10.113333333333333
2.6091226189931236 10.113333333333333
2.6091571524302166 10.113333333333333
2.60915694325765 10.113333333333333
2.6091567612965902 10.113333333333333
2.6091570157368977 10.113333333333333
