2.3112274663289387 10.218333333333334
2.3112274602254232 10.218333333333334
2.311227470397949 10.218333333333334
2.311227471033732 10.218333333333334
2.3112274795532226 10.218333333333334
2.311227463531494 10.218333333333334
2.3112274742126466 10.218333333333334
2.3112274583180747 10.218333333333334
2.3112274612426758 10.218333333333334
2.3112274751027426 10.218333333333334
2.311227465311686 10.218333333333334
2.3112274626413982 10.218333333333334
2.3112274766286216 10.218333333333334
2.311227467091878 10.218333333333334
2.3112274655659992 10.218333333333334
2.311227488072713 10.218333333333334
2.3112274645487467 10.218333333333334
2.3112274667104087 10.218333333333334
2.311227474848429 10.218333333333334
2.3112274594624838 10.218333333333334
2.3112274757385256 10.218333333333334
2.3112274616241457 10.218333333333334
2.3112274684906007 10.218333333333334
2.311227457046509 10.218333333333334
2.311227470397949 10.218333333333334
2.311227456410726 10.218333333333334
2.311227471033732 10.218333333333334
2.311227471669515 10.218333333333334
2.311227467727661 10.218333333333334
2.3112274645487467 10.218333333333334
