0.13069016231298447 95.99833333333333
0.1120566471795241 96.50666666666666
0.07285065075755119 97.72833333333334
0.06988654713307818 97.765
0.06951547676970561 97.77333333333333
0.06963012806350986 97.775
0.06978928795705239 97.78166666666667
0.06998277734965086 97.78333333333333
0.07012770834503075 97.78
0.07024228444012502 97.78166666666667
0.07033758860453963 97.78166666666667
0.07038574635380258 97.78166666666667
0.07042984665197631 97.78166666666667
0.0704585124142468 97.78166666666667
0.07047785607861975 97.78333333333333
0.07048876601606607 97.78333333333333
0.07049864177256823 97.78333333333333
0.0705058815844357 97.78333333333333
0.07051012048671643 97.78333333333333
0.07051320086295405 97.78333333333333
0.07051543066191177 97.78333333333333
0.07051675832246741 97.78333333333333
0.07051790035801629 97.78333333333333
0.07051860851164286 97.78333333333333
0.07051880085642138 97.78333333333333
0.07051887759193778 97.78333333333333
0.07051903944363197 97.78333333333333
0.07051917993429427 97.78333333333333
0.07051925341511767 97.78333333333333
0.0705192659628888 97.78333333333333
