2.310959041213989 14.015
2.3109590390523276 14.015
2.3109590527852375 14.015
2.310959045155843 14.015
2.3109590450286865 14.015
2.31095904973348 14.015
2.310959037907918 14.015
2.3109590377807616 14.015
2.31095904452006 14.015
2.310959052403768 14.015
2.31095904490153 14.015
2.3109590417226156 14.015
2.3109590428670246 14.015
2.310959047571818 14.015
2.310959025065104 14.015
2.3109590480804445 14.015
2.310959059906006 14.015
2.310959038925171 14.015
2.3109590437571206 14.015
2.310959050877889 14.015
2.3109590474446615 14.015
2.3109590501149495 14.015
2.310959040959676 14.015
2.3109590353647866 14.015
2.310959045791626 14.015
2.310959031931559 14.015
2.3109590483347575 14.015
2.3109590423583986 14.015
2.3109590338389077 14.015
2.3109590518951415 14.015
