2.3086545670827228 10.0
2.3086545794169107 10.0
2.308654579035441 10.0
2.3086545780181886 10.0
2.3086545836130776 10.0
2.3086545884450276 10.0
2.3086545780181886 10.0
2.308654583485921 10.0
2.3086545764923097 10.0
2.308654577763875 10.0
2.3086545845031736 10.0
2.308654590479533 10.0
2.3086545731862387 10.0
2.308654574584961 10.0
2.308654575093587 10.0
2.3086545827229816 10.0
2.3086545818328856 10.0
2.3086545740763347 10.0
2.3086545716603597 10.0
2.3086545728047687 10.0
2.308654574457804 10.0
2.308654577891032 10.0
2.308654583485921 10.0
2.308654585266113 10.0
2.3086545800526936 10.0
2.3086545818328856 10.0
2.308654579925537 10.0
2.3086545693715412 10.0
2.3086545837402346 10.0
2.3086545824686686 10.0
