2.3070345354715984 10.031666666666666
2.3070345411936444 10.031666666666666
2.3070345383961994 10.031666666666666
2.307034546025594 10.031666666666666
2.3070345383961994 10.031666666666666
2.3070345410664874 10.031666666666666
2.307034549458822 10.031666666666666
2.307034539540609 10.031666666666666
2.307034537378947 10.031666666666666
2.307034549331665 10.031666666666666
2.307034543736776 10.031666666666666
2.30703453801473 10.031666666666666
2.307034547551473 10.031666666666666
2.3070345447540284 10.031666666666666
2.307034540685018 10.031666666666666
2.307034537378947 10.031666666666666
2.3070345321655275 10.031666666666666
2.3070345423380534 10.031666666666666
2.3070345396677654 10.031666666666666
2.3070345478057863 10.031666666666666
2.307034549458822 10.031666666666666
2.30703455174764 10.031666666666666
2.307034549331665 10.031666666666666
2.307034548187256 10.031666666666666
2.307034547042847 10.031666666666666
2.30703454284668 10.031666666666666
2.307034544245402 10.031666666666666
2.307034541829427 10.031666666666666
2.3070345390319824 10.031666666666666
2.3070345363616944 10.031666666666666
