0.657097163772583 79.06333333333333
0.651971462281545 77.235
0.658726773071289 79.51
1.6849752031962077 78.46
2.718003034845988 77.90666666666667
3.15606019376119 77.70333333333333
3.292260168202718 77.52
3.335055934270223 77.38666666666667
3.329640808025996 77.28666666666666
3.2971076009114584 77.19333333333333
3.2662733659744263 77.12166666666667
3.252343819872538 77.075
3.2286526550928754 77.01666666666667
3.215829645093282 77.00666666666666
3.2052638803482054 76.99
3.198928041648865 76.98
3.193172438398997 76.97833333333334
3.190070272064209 76.975
3.187298051134745 76.97166666666666
3.1850785416285197 76.97666666666667
3.183557611654202 76.97666666666667
3.182399746799469 76.97333333333333
3.1812898089090984 76.97166666666666
3.1804411120732627 76.96666666666667
3.1796538815498354 76.965
3.1788964619318643 76.96333333333334
3.1782650111198425 76.96333333333334
3.1777720534324647 76.965
3.1773944769541425 76.965
3.177108657582601 76.965
