2.339406013361613 9.871666666666666
2.339405995686849 9.871666666666666
2.3394060084025066 9.871666666666666
2.339406003189087 9.871666666666666
2.339406012090047 9.871666666666666
2.339406006368001 9.871666666666666
2.339406006113688 9.871666666666666
2.339405999501546 9.871666666666666
2.339406002553304 9.871666666666666
2.3394060042063396 9.871666666666666
2.3394060009002686 9.871666666666666
2.339406004079183 9.871666666666666
2.339405993525187 9.871666666666666
2.3394060104370116 9.871666666666666
2.339406006113688 9.871666666666666
2.3394060034434 9.871666666666666
2.3394060047149656 9.871666666666666
2.3394059898376467 9.871666666666666
2.3394060035705566 9.871666666666666
2.339405998357137 9.871666666666666
2.3394059969584147 9.871666666666666
2.339405996449788 9.871666666666666
2.3394059963226317 9.871666666666666
2.339406004333496 9.871666666666666
2.3394059978485107 9.871666666666666
2.339406014251709 9.871666666666666
2.339406005223592 9.871666666666666
2.339406005605062 9.871666666666666
2.3394060062408446 9.871666666666666
2.3394059991200766 9.871666666666666
