1.6941107554117838 43.49166666666667
1.6941107637405395 43.49166666666667
1.6941107600529988 43.49166666666667
1.6941107603708903 43.49166666666667
1.6941107525507608 43.49166666666667
1.6941107520421346 43.49166666666667
1.694110757637024 43.49166666666667
1.6941107522328696 43.49166666666667
1.69411076558431 43.49166666666667
1.6941107500712076 43.49166666666667
1.694110761197408 43.49166666666667
1.6941107564926148 43.49166666666667
1.694110764249166 43.49166666666667
1.6941107639312745 43.49166666666667
1.6941107654571532 43.49166666666667
1.6941107475916544 43.49166666666667
1.6941107621510823 43.49166666666667
1.6941107624689737 43.49166666666667
1.6941107601165772 43.49166666666667
1.694110757446289 43.49166666666667
1.6941107549031575 43.49166666666667
1.6941107577641805 43.49166666666667
1.6941107513427733 43.49166666666667
1.6941107529958088 43.49166666666667
1.694110758972168 43.49166666666667
1.6941107502619426 43.49166666666667
1.6941107498804728 43.49166666666667
1.6941107522964478 43.49166666666667
1.694110759226481 43.49166666666667
1.6941107612609863 43.49166666666667
