2.3030377316792805 10.0
2.302807164510091 10.0
2.3028273283640543 10.0
2.3028273281097413 10.0
2.302827326965332 10.0
2.302827310562134 10.0
2.3028273334503173 10.0
2.302827324040731 10.0
2.3028273361206053 10.0
2.302827333323161 10.0
2.302827327982585 10.0
2.3028273226420084 10.0
2.3028273228963214 10.0
2.3028273206075034 10.0
2.3028273398081462 10.0
2.302827327601115 10.0
2.3028273399353028 10.0
2.302827335739136 10.0
2.302827332433065 10.0
2.3028273412068683 10.0
2.3028273391723633 10.0
2.3028273450215657 10.0
2.302827345784505 10.0
2.302827326456706 10.0
2.302827326456706 10.0
2.3028273259480794 10.0
2.302827322769165 10.0
2.302827328491211 10.0
2.30282734781901 10.0
2.3028273334503173 10.0
