0.5908087937513987 81.54666666666667
1.810164547109604 81.53166666666667
3.892174699465434 81.45333333333333
6.227310251108805 81.37833333333333
8.364297605450949 81.33333333333333
10.075202134577433 81.31666666666666
11.455786534055074 81.28
12.451646708933513 81.275
13.21010279121399 81.265
13.746767156982422 81.265
14.145294769159953 81.25666666666666
14.42812030874888 81.25666666666666
14.620533068084717 81.25666666666666
14.760452936935424 81.25666666666666
14.861365166473389 81.25666666666666
14.929796084976196 81.25666666666666
14.977357830810547 81.25666666666666
15.011081260681152 81.25833333333334
15.034342891438802 81.26
15.04943988685608 81.26
15.059701906204223 81.26
15.066549821345012 81.26
15.070678445180258 81.26
15.073163532511392 81.26
15.07384410502116 81.26
15.07389906832377 81.26
15.073869487635294 81.26
15.0738269282341 81.26
15.073821316782633 81.26
15.073830377451578 81.26
