0.6394363488833109 80.65166666666667
0.6252374707221985 81.78166666666667
0.6252721638043721 81.77833333333334
0.6252721692403157 81.77833333333334
0.6252721702893576 81.77833333333334
0.6252721694946289 81.77833333333334
0.6252721654256185 81.77833333333334
0.6252721634229024 81.77833333333334
0.625272168191274 81.77833333333334
0.6252721685091654 81.77833333333334
0.6252721683502197 81.77833333333334
0.6252721684773763 81.77833333333334
0.6252721653620402 81.77833333333334
0.6252721663157145 81.77833333333334
0.6252721665064493 81.77833333333334
0.6252721692562103 81.77833333333334
0.6252721670150757 81.77833333333334
0.625272166188558 81.77833333333334
0.6252721616744995 81.77833333333334
0.6252721687952677 81.77833333333334
0.6252721682389577 81.77833333333334
0.6252721655527751 81.77833333333334
0.6252721699714661 81.77833333333334
0.6252721686681112 81.77833333333334
0.6252721642812094 81.77833333333334
0.6252721667289733 81.77833333333334
0.6252721674919128 81.77833333333334
0.6252721686045328 81.77833333333334
0.6252721665064493 81.77833333333334
0.6252721698125203 81.77833333333334
