8.889674236921183e+31 23.31
1.065906450070251e+32 23.348333333333333
1.0764027320271857e+32 23.348333333333333
1.0770026308583915e+32 23.348333333333333
1.0770412622731616e+32 23.348333333333333
1.0770412609836407e+32 23.348333333333333
1.0770412571150782e+32 23.348333333333333
1.0770412603646708e+32 23.348333333333333
1.0770412590235691e+32 23.348333333333333
1.077041258095114e+32 23.348333333333333
1.0770412548455214e+32 23.348333333333333
1.077041262479485e+32 23.348333333333333
1.07704125907515e+32 23.348333333333333
1.0770412570119166e+32 23.348333333333333
1.0770412567540123e+32 23.348333333333333
1.0770412573729824e+32 23.348333333333333
1.077041250306408e+32 23.348333333333333
1.0770412577340482e+32 23.348333333333333
1.0770412537623239e+32 23.348333333333333
1.0770412597972816e+32 23.348333333333333
1.0770412551550064e+32 23.348333333333333
1.0770412614478683e+32 23.348333333333333
1.0770412541749705e+32 23.348333333333333
1.0770412578372098e+32 23.348333333333333
1.0770412548971022e+32 23.348333333333333
1.0770412567282219e+32 23.348333333333333
1.077041256676641e+32 23.348333333333333
1.0770412556708149e+32 23.348333333333333
1.077041263769006e+32 23.348333333333333
1.0770412558255573e+32 23.348333333333333
