0.2090335455060005 93.74833333333333
0.19338217991987863 94.38833333333334
0.1902006715575854 94.54166666666667
0.19020067205031713 94.54166666666667
0.19020067199865978 94.54166666666667
0.19020067122379938 94.54166666666667
0.19020067131916682 94.54166666666667
0.19020067152579626 94.54166666666667
0.19020067271788915 94.54166666666667
0.19020067224899928 94.54166666666667
0.19020067128737767 94.54166666666667
0.1902006720582644 94.54166666666667
0.19020067190726597 94.54166666666667
0.19020067139466604 94.54166666666667
0.1902006717046102 94.54166666666667
0.19020067128737767 94.54166666666667
0.1902006717602412 94.54166666666667
0.19020067229270934 94.54166666666667
0.19020067230065663 94.54166666666667
0.19020067238807678 94.54166666666667
0.19020067216555278 94.54166666666667
0.1902006708661715 94.54166666666667
0.19020067226489384 94.54166666666667
0.19020067096451918 94.54166666666667
0.19020067069530486 94.54166666666667
0.190200672296683 94.54166666666667
0.19020067172050475 94.54166666666667
0.19020067193508147 94.54166666666667
0.19020067103703817 94.54166666666667
0.19020067165295282 94.54166666666667
