2.337358111953735 9.403333333333334
2.340723503112793 9.266666666666667
2.3393015992482504 9.396666666666667
2.3412654454549156 9.35
2.3432051342010496 9.405
2.3439550453186033 9.38
2.3458588114420573 9.395
2.3470086865743003 9.348333333333333
2.3471567033131917 9.351666666666667
2.3472498208363852 9.351666666666667
2.3471261175791422 9.351666666666667
2.347353705215454 9.34
2.3471975390116375 9.351666666666667
2.3473428457895915 9.341666666666667
2.3473687669118246 9.341666666666667
2.347408394495646 9.341666666666667
2.3474359943389893 9.341666666666667
2.347398687998454 9.341666666666667
2.3474071844736737 9.341666666666667
2.347410683186849 9.341666666666667
2.3474139790852866 9.341666666666667
2.347409025700887 9.341666666666667
2.3474025000254315 9.341666666666667
2.3473966775258384 9.341666666666667
2.347383644866943 9.343333333333334
2.3473660495758057 9.343333333333334
2.3473365898132323 9.346666666666666
2.347309679667155 9.351666666666667
2.347294771575928 9.351666666666667
2.3472876796722413 9.351666666666667
