2.836159036509196 42.00333333333333
4.120942632420857 41.651666666666664
5.060033991495768 41.3
5.692509055836996 41.11666666666667
6.145751122792562 40.95
6.463013069915771 40.85
6.683281376902262 40.805
6.83353619333903 40.78666666666667
6.944232534535726 40.76
7.019353220748902 40.75
7.070817122650147 40.735
7.1086655225118 40.72833333333333
7.134741668446859 40.718333333333334
7.153120486195882 40.71333333333333
7.166234389241536 40.708333333333336
7.175635579681397 40.70666666666666
7.182257226308187 40.705
7.1869595326741536 40.7
7.190379564921061 40.69833333333333
7.192851053365072 40.69833333333333
7.194687300618489 40.69833333333333
7.196032645670573 40.7
7.197012615458171 40.7
7.197799012502035 40.69833333333333
7.198403647359212 40.69833333333333
7.198882404073079 40.69833333333333
7.19925088780721 40.69833333333333
7.1994908340454105 40.69833333333333
7.19954171778361 40.69833333333333
7.19954123357137 40.69833333333333
