2.296386944834391 9.975
2.2990734339396157 10.023333333333333
2.2999314056396485 10.008333333333333
2.300412898763021 9.996666666666666
2.3007073537190754 9.993333333333334
2.302605853398641 10.011666666666667
2.3034042162577313 10.011666666666667
2.3037344688415526 10.021666666666667
2.303932322947184 10.023333333333333
2.304018681335449 10.02
2.30408981552124 10.016666666666667
2.304124216334025 10.016666666666667
2.3041759866078695 10.016666666666667
2.304185193634033 10.016666666666667
2.304178238169352 10.016666666666667
2.3041875825246176 10.016666666666667
2.304188719177246 10.016666666666667
2.3041922760009768 10.016666666666667
2.3041939200083417 10.018333333333333
2.3041948120117186 10.018333333333333
2.3041953837076825 10.018333333333333
2.3041961115519207 10.016666666666667
2.3041962942759198 10.016666666666667
2.3041964403788247 10.016666666666667
2.3041961115519207 10.016666666666667
2.3041960478464762 10.016666666666667
2.3041958610534667 10.016666666666667
2.304196075820923 10.016666666666667
2.3041962805430094 10.016666666666667
2.304196290842692 10.016666666666667
