0.6324277414004008 77.86
0.6282635191281637 79.05166666666666
0.8030128989855448 78.77666666666667
0.9335981771945954 78.61333333333333
0.9947915771802266 78.76
1.0816937500317891 78.73333333333333
1.134006826988856 78.77833333333334
1.1777797348658243 78.72833333333334
1.208830920537313 78.735
1.2341827626546225 78.71666666666667
1.2513308074951173 78.685
1.259898032283783 78.70333333333333
1.267831100511551 78.69333333333333
1.2735581282615662 78.67333333333333
1.2774340403556823 78.66833333333334
1.2800784025986989 78.66833333333334
1.2814888475577038 78.67333333333333
1.2822551005681355 78.68166666666667
1.282961234696706 78.68166666666667
1.2835023663997651 78.685
1.2838781873385112 78.68833333333333
1.2840914636611938 78.68833333333333
1.2840650267918905 78.68833333333333
1.2840873503843944 78.69
1.2838397091865539 78.69666666666667
1.2835110014438629 78.69166666666666
1.2831419242223103 78.69666666666667
1.2828668412367503 78.70166666666667
1.2827139995733896 78.70333333333333
1.282653532377879 78.70166666666667
