2.3067341780344646 10.0
2.306734176635742 10.0
2.306734169514974 10.0
2.306734177907308 10.0
2.3067341669718426 10.0
2.3067341753641766 10.0
2.3067341796875 10.0
2.306734175745646 10.0
2.3067341672261557 10.0
2.3067341663360597 10.0
2.306734183883667 10.0
2.306734179433187 10.0
2.3067341734568276 10.0
2.3067341711680096 10.0
2.3067341773986816 10.0
2.3067341762542726 10.0
2.3067341618855792 10.0
2.3067341852823895 10.0
2.3067341771443686 10.0
2.306734162012736 10.0
2.306734170913696 10.0
2.306734174601237 10.0
2.3067341723124186 10.0
2.3067341663360597 10.0
2.306734190750122 10.0
2.3067341851552325 10.0
2.3067341846466065 10.0
2.3067341809590656 10.0
2.306734173329671 10.0
2.306734182357788 10.0
