0.45775193220774335 82.73166666666667
0.4058874737262726 85.40666666666667
0.39098236004511516 86.025
0.38878792997201284 86.09833333333333
0.3946528454144796 86.06666666666666
0.39996813084284466 86.065
0.40467461767196655 86.06333333333333
0.40781399306456245 86.06666666666666
0.4099890920162201 86.06833333333333
0.41138339144388836 86.06666666666666
0.41233445161978405 86.06666666666666
0.4129920358339946 86.06833333333333
0.41344853384494784 86.07
0.4137471734762192 86.07
0.41399541515509286 86.07
0.41416108072598773 86.07166666666667
0.41427504219214123 86.07
0.4143575153509776 86.07
0.41440501333872476 86.07
0.414440412902832 86.07
0.4144683869202932 86.07
0.4144871529261271 86.07
0.4144988641897837 86.07
0.41450712847709653 86.07
0.41451161532402037 86.07
0.41451525398890177 86.07
0.4145159247080485 86.07
0.4145160220225652 86.07
0.4145147963921229 86.07
0.41451372623443605 86.07
