0.4448978002389272 83.62166666666667
0.4014753274758657 85.06166666666667
0.3562184851328532 86.87
0.33938869667053223 87.455
0.39693317464192707 86.53
0.3666222351710002 86.74666666666667
0.3892427104473114 86.17
0.389704434188207 86.12166666666667
0.3953538105169932 85.87166666666667
0.3940986205736796 85.98
0.3952159999847412 85.95833333333333
0.39648225790659586 85.90333333333334
0.39693773244222 85.87166666666667
0.3976823265234629 85.84833333333333
0.39849159173965454 85.80666666666667
0.3990301936308543 85.78
0.39932505222161613 85.77
0.39951378043492636 85.75833333333334
0.3996951132615407 85.75666666666666
0.39983828111489617 85.75333333333333
0.3999395673274994 85.74333333333334
0.40002512181599936 85.74166666666666
0.40007843465010323 85.74
0.4002784459908803 85.74
0.4004431294123332 85.71833333333333
0.40054614265759786 85.70833333333333
0.40061987657547 85.71333333333334
0.40066496686935427 85.715
0.4006942236105601 85.715
0.4007123727321625 85.71333333333334
