0.2467125509262085 93.15333333333334
0.17436361982425053 95.51
0.17601509996652603 95.53666666666666
0.17601510043144225 95.53666666666666
0.17601509983142216 95.53666666666666
0.1760151002963384 95.53666666666666
0.17601509960889816 95.53666666666666
0.17601510023673375 95.53666666666666
0.17601509971221288 95.53666666666666
0.17601509985923766 95.53666666666666
0.17601510016123453 95.53666666666666
0.1760151002208392 95.53666666666666
0.17601510129769643 95.53666666666666
0.17601510053078334 95.53666666666666
0.17601510027249653 95.53666666666666
0.176015101035436 95.53666666666666
0.17601509980758032 95.53666666666666
0.1760150991956393 95.53666666666666
0.17601509967247644 95.53666666666666
0.17601510073343912 95.53666666666666
0.17601510021686553 95.53666666666666
0.17601510095596312 95.53666666666666
0.17601510060628256 95.53666666666666
0.17601510054270428 95.53666666666666
0.17601509995063147 95.53666666666666
0.1760151002049446 95.53666666666666
0.1760151006658872 95.53666666666666
0.1760151000102361 95.53666666666666
0.17601510036389034 95.53666666666666
0.17601509993871053 95.53666666666666
