7.314981351216634 5.89
7.314981383260091 5.89
7.314981418355306 5.89
7.314981371307373 5.89
7.314981346130371 5.89
7.314981386566162 5.89
7.314981370035808 5.89
7.314981369527181 5.89
7.3149813990275065 5.89
7.314981365458171 5.89
7.314981397501628 5.89
7.314981375376384 5.89
7.314981357828776 5.89
7.314981386820476 5.89
7.314981382751465 5.89
7.314981393686931 5.89
7.314981395467123 5.89
7.314981351216634 5.89
7.314981396484375 5.89
7.3149813331604 5.89
7.3149813990275065 5.89
7.314981350453695 5.89
7.314981374359131 5.89
7.314981387837728 5.89
7.314981376902263 5.89
7.314981422424316 5.89
7.314981389109294 5.89
7.314981392161052 5.89
7.314981368001302 5.89
7.3149814005533855 5.89
