0.7970317200978597 77.42833333333333
0.9263465061505636 77.53666666666666
0.7458752566973368 77.37833333333333
1.189386457459132 76.845
1.2156500322341919 76.90666666666667
1.1425859205245972 77.12
1.080329245710373 77.11
1.0464844868342082 77.13166666666666
1.0256311706384023 77.085
1.019924569161733 77.08166666666666
1.01562043522199 77.04666666666667
1.012684154589971 77.00833333333334
1.011259958299001 76.98333333333333
1.0110346413771312 76.985
1.0104367232958475 76.98
1.010835237677892 76.98
1.011303399626414 76.98666666666666
1.0110267421722412 76.98666666666666
1.0107145175615946 76.98166666666667
1.0103590762456258 76.98166666666667
1.0103215179761251 76.98166666666667
1.0101981683095296 76.98
1.010106895414988 76.98
1.00999579261144 76.97666666666667
1.009904113483429 76.97666666666667
1.0098071198304495 76.97333333333333
1.0097204641977946 76.97333333333333
1.0096518801053365 76.97333333333333
1.0095979547182719 76.97333333333333
1.0095551408926646 76.97166666666666
