0.11370542828639349 96.535
0.08604035569677751 97.31666666666666
0.08923863122512897 97.30666666666667
0.09192295250159999 97.30333333333333
0.09287872356859346 97.28833333333333
0.09370219028505186 97.3
0.09407547263934588 97.29833333333333
0.09451862928327173 97.29666666666667
0.09491969370916485 97.29833333333333
0.09498358776234091 97.29333333333334
0.09504387118862942 97.29
0.09510959631825487 97.29
0.0951311338737607 97.29
0.09518375292097529 97.29166666666667
0.09521404051951443 97.29
0.09523978122969469 97.28833333333333
0.09525565228524308 97.28833333333333
0.09526778426617384 97.28833333333333
0.09528163269168387 97.28833333333333
0.09529018628622095 97.28833333333333
0.0952983957717816 97.28833333333333
0.09530610938339183 97.28833333333333
0.09531327227391302 97.28833333333333
0.0953190550747017 97.28833333333333
0.09532486711020272 97.28833333333333
0.09533005232959986 97.28833333333333
0.09533481690610449 97.28833333333333
0.09533803809210659 97.28833333333333
0.09534064801447094 97.28833333333333
0.09534231600314379 97.28833333333333
