2.3025848865509033 9.871666666666666
2.3025848865509033 9.871666666666666
2.3025848865509033 9.871666666666666
2.3025848865509033 9.871666666666666
2.3025848865509033 9.871666666666666
2.3025848865509033 9.871666666666666
2.3025848865509033 9.871666666666666
2.3025848865509033 9.871666666666666
2.3025848865509033 9.871666666666666
2.3025848865509033 9.871666666666666
2.3025848865509033 9.871666666666666
2.3025848865509033 9.871666666666666
2.3025848865509033 9.871666666666666
2.3025848865509033 9.871666666666666
2.3025848865509033 9.871666666666666
2.3025848865509033 9.871666666666666
2.3025848865509033 9.871666666666666
2.3025848865509033 9.871666666666666
2.3025848865509033 9.871666666666666
2.3025848865509033 9.871666666666666
2.3025848865509033 9.871666666666666
2.3025848865509033 9.871666666666666
2.3025848865509033 9.871666666666666
2.3025848865509033 9.871666666666666
2.3025848865509033 9.871666666666666
2.3025848865509033 9.871666666666666
2.3025848865509033 9.871666666666666
2.3025848865509033 9.871666666666666
2.3025848865509033 9.871666666666666
2.3025848865509033 9.871666666666666
