3.2681445885976155 28.595
3.454650876235962 19.471666666666668
3.5890521210988364 18.94333333333333
3.647268532816569 17.966666666666665
3.7066916774749754 17.621666666666666
3.7343161120096844 17.345
3.744371085103353 16.986666666666668
3.7683600578308107 16.913333333333334
3.7799024241129557 16.856666666666666
3.7939812505086263 16.813333333333333
3.8044169033050537 16.796666666666667
3.8114118883768717 16.793333333333333
3.81489552230835 16.791666666666668
3.8171738520304364 16.778333333333332
3.8185225668589275 16.77166666666667
3.819383250172933 16.77
3.8207589932759602 16.77
3.8211053642272947 16.768333333333334
3.8215814847310385 16.77
3.8218159627278645 16.768333333333334
3.8221201422373454 16.768333333333334
3.822119467544556 16.768333333333334
3.822062624359131 16.768333333333334
3.822045219930013 16.768333333333334
3.821989370091756 16.768333333333334
3.822015011723836 16.768333333333334
3.8219594371795655 16.768333333333334
3.8219032450358075 16.768333333333334
3.821844137954712 16.768333333333334
3.8217861857096356 16.768333333333334
