7.568893867238363 29.975
10.427029982503255 29.31833333333333
10.933375478363038 28.548333333333332
6.126154350789388 25.608333333333334
5.421752015940348 24.831666666666667
5.02889216003418 24.30666666666667
4.840195845286051 24.005
4.745892660140991 23.786666666666665
4.670107313028971 23.648333333333333
4.648916839853922 23.56833333333333
4.634620856221517 23.52
4.610015733591715 23.465
4.582829300435384 23.42
4.572931090037028 23.395
4.566445674133301 23.378333333333334
4.562103172556559 23.368333333333332
4.558444384256998 23.36
4.555027883402507 23.355
4.552874146270752 23.351666666666667
4.549417704645792 23.336666666666666
4.544119789632162 23.32
4.539092103703816 23.31
4.535956703948974 23.305
4.533638264973958 23.305
4.531750301106771 23.301666666666666
4.5305451526641844 23.298333333333332
4.529767277526855 23.298333333333332
4.529439681371053 23.298333333333332
4.529439656829834 23.298333333333332
4.529439674758911 23.298333333333332
