2.375644439188639 13.226666666666667
2.3756444288889567 13.226666666666667
2.375644451268514 13.226666666666667
2.3756444367726646 13.226666666666667
2.375644440205892 13.226666666666667
2.3756444197336832 13.226666666666667
2.3756444396972656 13.226666666666667
2.3756444287618 13.226666666666667
2.375644436264038 13.226666666666667
2.3756444271087647 13.226666666666667
2.375644441604614 13.226666666666667
2.375644432957967 13.226666666666667
2.375644438934326 13.226666666666667
2.3756444414774576 13.226666666666667
2.3756444288889567 13.226666666666667
2.3756444489796955 13.226666666666667
2.375644441350301 13.226666666666667
2.3756444300333657 13.226666666666667
2.375644432067871 13.226666666666667
2.375644439570109 13.226666666666667
2.3756444313049316 13.226666666666667
2.375644445546468 13.226666666666667
2.375644435628255 13.226666666666667
2.375644436899821 13.226666666666667
2.375644427235921 13.226666666666667
2.37564443804423 13.226666666666667
2.3756444291432697 13.226666666666667
2.3756444409688315 13.226666666666667
2.375644434738159 13.226666666666667
2.3756444273630777 13.226666666666667
