6.007646102880089e+25 11.135
6.009518504711456e+25 11.153333333333334
6.010770196478704e+25 11.131666666666666
6.011626997073871e+25 11.158333333333333
6.0122770350014996e+25 11.156666666666666
6.012676318466324e+25 11.15
6.013019939987711e+25 11.158333333333333
6.013305670707062e+25 11.133333333333333
6.013342041045548e+25 11.138333333333334
6.013345206998744e+25 11.148333333333333
6.0133452362675775e+25 11.148333333333333
6.013345208474483e+25 11.148333333333333
6.013345205031091e+25 11.148333333333333
6.013345212409788e+25 11.148333333333333
6.013345221510182e+25 11.148333333333333
6.013345244630101e+25 11.148333333333333
6.013345202079612e+25 11.148333333333333
6.013345227905054e+25 11.148333333333333
6.013345216099138e+25 11.148333333333333
6.0133452379892735e+25 11.148333333333333
6.01334523036462e+25 11.148333333333333
6.013345221264226e+25 11.148333333333333
6.013345200357916e+25 11.148333333333333
6.013345229380793e+25 11.148333333333333
6.013345213393615e+25 11.148333333333333
6.013345207736613e+25 11.148333333333333
6.013345223477835e+25 11.148333333333333
6.0133452362675775e+25 11.148333333333333
6.01334518781413e+25 11.148333333333333
6.01334523823523e+25 11.148333333333333
