0.6632171317577362 78.21833333333333
1.7788505337715148 77.44666666666667
23.443557864888508 76.13333333333334
74.10743894653321 75.89833333333333
137.87543607177736 75.78
201.05037331542968 75.77166666666666
257.81361158040363 75.755
302.5050626871745 75.74166666666666
337.8954804239909 75.73333333333333
364.49731720377605 75.73
383.84390110677083 75.72333333333333
398.3289146850586 75.72333333333333
408.7577032063802 75.71833333333333
415.88391866048175 75.71166666666667
420.7812393229167 75.71333333333334
424.21084798990887 75.71
426.67112759602867 75.71166666666667
428.39751376953126 75.71166666666667
429.6004112467448 75.71166666666667
430.41676136067707 75.71166666666667
430.9937021484375 75.71166666666667
431.37685830078124 75.71166666666667
431.6010408040365 75.71166666666667
431.73919305419923 75.71166666666667
431.7832312011719 75.71166666666667
431.7868973063151 75.71166666666667
431.7876930257161 75.71166666666667
431.78763607584636 75.71166666666667
431.78764330240887 75.71166666666667
431.78759271647135 75.71166666666667
