2.306808348719279 9.78
2.306808355585734 9.78
2.3068083722432453 9.78
2.306808358637492 9.78
2.306808360671997 9.78
2.3068083539326985 9.78
2.30680835647583 9.78
2.3068083516438804 9.78
2.306808362833659 9.78
2.3068083510080974 9.78
2.306808359273275 9.78
2.3068083521525065 9.78
2.3068083491007485 9.78
2.30680835647583 9.78
2.3068083576202394 9.78
2.306808363087972 9.78
2.3068083525339764 9.78
2.306808366394043 9.78
2.306808359273275 9.78
2.3068083536783854 9.78
2.3068083600362144 9.78
2.3068083506266275 9.78
2.306808357747396 9.78
2.3068083599090574 9.78
2.306808361562093 9.78
2.3068083532969155 9.78
2.306808358256022 9.78
2.306808359273275 9.78
2.3068083552042644 9.78
2.306808353551229 9.78
