2.3294539552052815 15.356666666666667
2.329453971862793 15.356666666666667
2.329453949101766 15.356666666666667
2.3294539366404217 15.356666666666667
2.3294539554595945 15.356666666666667
2.329453958129883 15.356666666666667
2.329453959528605 15.356666666666667
2.329453950246175 15.356666666666667
2.3294539549509685 15.356666666666667
2.329453958638509 15.356666666666667
2.329453953933716 15.356666666666667
2.3294539468129476 15.356666666666667
2.329453951136271 15.356666666666667
2.329453954442342 15.356666666666667
2.329453950627645 15.356666666666667
2.329453959274292 15.356666666666667
2.329453954442342 15.356666666666667
2.3294539501190186 15.356666666666667
2.3294539435068766 15.356666666666667
2.3294539527893066 15.356666666666667
2.3294539381663006 15.356666666666667
2.3294539611816405 15.356666666666667
2.329453952916463 15.356666666666667
2.3294539552052815 15.356666666666667
2.3294539408365886 15.356666666666667
2.3294539492289226 15.356666666666667
2.329453960418701 15.356666666666667
2.3294539399464926 15.356666666666667
2.329453950627645 15.356666666666667
2.329453950500488 15.356666666666667
