2.3046339880625406 10.145
2.304633977381388 10.145
2.3046339827219646 10.145
2.304633984629313 10.145
2.304634005991618 10.145
2.3046339790344237 10.145
2.3046339820861816 10.145
2.30463398399353 10.145
2.3046339827219646 10.145
2.3046339715321857 10.145
2.304633989969889 10.145
2.3046339860280356 10.145
2.304633992513021 10.145
2.3046339733123777 10.145
2.304633983484904 10.145
2.304633977762858 10.145
2.3046339680989583 10.145
2.3046339838663736 10.145
2.3046339703877767 10.145
2.3046339754740397 10.145
2.304633977381388 10.145
2.304633975855509 10.145
2.304633982849121 10.145
2.304633973566691 10.145
2.304633999125163 10.145
2.3046339907328286 10.145
2.3046339823404947 10.145
2.304633978398641 10.145
2.304633978271484 10.145
2.304633978017171 10.145
