8738843557.888 10.0
2429309325707.4004 10.0
24296423522985.574 10.0
72084156737406.02 10.0
124543195740984.66 10.0
166864187888028.88 10.0
196580934064572.56 10.0
216176689254480.8 10.0
228974501007930.16 10.0
237322685947908.38 10.0
242862497411331.97 10.0
246564213670158.88 10.0
249051634324908.72 10.0
250718106931324.53 10.0
251852923181325.78 10.0
252624315807520.1 10.0
253148139727355.9 10.0
253504431701133.44 10.0
253748444970929.34 10.0
253911972423698.56 10.0
254017462502372.16 10.0
254092299578411.16 10.0
254138383190580.7 10.0
254181896416937.03 10.0
254182081458444.7 10.0
254182091345817.3 10.0
254182040924690.84 10.0
254182041935797.72 10.0
254182040629411.84 10.0
254182040468350.56 10.0
