2.6379795480092367 9.036666666666667
2.574382496388753 9.038333333333334
2.5473682436625165 9.038333333333334
2.529940654118856 9.038333333333334
2.5202789989471435 9.036666666666667
2.5130559997558595 9.036666666666667
2.510668844731649 9.036666666666667
2.5088426522572833 9.036666666666667
2.507207842381795 9.036666666666667
2.5060590666453044 9.036666666666667
2.5052142911275226 9.036666666666667
2.5045844411214193 9.036666666666667
2.504298478062948 9.036666666666667
2.504051134109497 9.036666666666667
2.5038209972381593 9.036666666666667
2.5036720634460448 9.036666666666667
2.503536141459147 9.036666666666667
2.5034668743133546 9.036666666666667
2.503413825861613 9.036666666666667
2.5033668183644613 9.036666666666667
2.5033527390797934 9.036666666666667
2.5033320691426595 9.036666666666667
2.5033179061889648 9.036666666666667
2.5033094201405843 9.036666666666667
2.5033048341115314 9.036666666666667
2.5032867420196534 9.036666666666667
2.503279109319051 9.036666666666667
2.503270434443156 9.036666666666667
2.5032710941314695 9.036666666666667
2.5032721605936685 9.036666666666667
