2.3083135003407795 8.615
2.3083134871164956 8.615
2.3083135049184165 8.615
2.308313490931193 8.615
2.3083134925842286 8.615
2.3083134943644206 8.615
2.3083134985605875 8.615
2.308313503519694 8.615
2.308313489659627 8.615
2.3083134932200116 8.615
2.308313506571452 8.615
2.3083135108947754 8.615
2.308313493347168 8.615
2.3083135000864665 8.615
2.308313501103719 8.615
2.3083135021209715 8.615
2.308313496653239 8.615
2.308313491439819 8.615
2.308313506571452 8.615
2.308313499069214 8.615
2.30831349474589 8.615
2.308313498179118 8.615
2.308313507461548 8.615
2.3083135040283205 8.615
2.3083134853363036 8.615
2.3083134841918946 8.615
2.308313496653239 8.615
2.3083134928385416 8.615
2.3083134746551512 8.615
2.30831349995931 8.615
