0.4465910781701406 84.02333333333333
0.4535302713871002 82.91166666666666
0.3653810047785441 86.605
0.3746770693778992 86.57833333333333
0.3881853681087494 86.58333333333333
0.39916663955052695 86.57833333333333
0.4058911458015442 86.59333333333333
0.4108752743244171 86.59
0.4143655030250549 86.575
0.41654661106268565 86.565
0.41836568966706594 86.56333333333333
0.419445420273145 86.56166666666667
0.42027388627529144 86.55666666666667
0.42075572203795114 86.56
0.42112555034160615 86.56
0.4214110080957413 86.55833333333334
0.4215922681728999 86.55833333333334
0.4217364320516586 86.55833333333334
0.42182376458644866 86.55666666666667
0.42188185632228853 86.55666666666667
0.4219212663412094 86.55666666666667
0.42195046178499857 86.55666666666667
0.4219716774225235 86.55666666666667
0.421985130794843 86.55666666666667
0.42199328212738035 86.55666666666667
0.4219996374766032 86.55666666666667
0.4219991071979205 86.555
0.4219979227542877 86.555
0.42199696218967436 86.555
0.42199652930100756 86.555
