0.13628054316043853 95.82166666666667
0.08143339914182822 97.67666666666666
0.04976906173129877 98.63666666666667
0.04065295314912995 98.85333333333334
0.03935368874681493 98.86833333333334
0.03876627182041605 98.86333333333333
0.038455341298071044 98.865
0.038298425305945176 98.86333333333333
0.03823389432659994 98.86333333333333
0.03816458476173381 98.865
0.03813139234048625 98.86666666666666
0.038107607721040646 98.86666666666666
0.03809164976378282 98.86666666666666
0.03808222608466943 98.86833333333334
0.03807453029255072 98.86833333333334
0.0380690967955937 98.86833333333334
0.03806515846227606 98.87
0.038062219340230026 98.87
0.03806066875761996 98.87
0.038059546741843225 98.87
0.03805884121693671 98.87
0.0380583305052792 98.87
0.03805804323554039 98.87
0.038057858697573346 98.87
0.0380578172866255 98.87
0.03805779336846123 98.87
0.038057827704710265 98.87
0.038057808895595374 98.87
0.03805782682107141 98.87
0.03805783724989742 98.87
