91.42119513753255 64.68166666666667
461.697001554362 64.64
1052.2611229817708 64.60333333333334
1692.638283984375 64.60666666666667
2307.8498601888023 64.60333333333334
2832.6144966796874 64.58333333333333
3241.044176171875 64.57833333333333
3546.6627431966144 64.57833333333333
3769.963682942708 64.58
3937.7874037109377 64.57833333333333
4056.6770131510416 64.58166666666666
4142.93662890625 64.58
4203.03036015625 64.57833333333333
4247.476157161458 64.57833333333333
4279.552584765625 64.57833333333333
4301.302290494792 64.57833333333333
4316.884326171875 64.57833333333333
4327.977663867187 64.57833333333333
4335.925009244792 64.57833333333333
4341.82724765625 64.57833333333333
4346.004219596354 64.57833333333333
4349.235488736979 64.57833333333333
4351.634357877604 64.57833333333333
4353.386428645833 64.57833333333333
4354.790153125 64.57833333333333
4355.828656640625 64.57833333333333
4356.627054101563 64.57833333333333
4357.067330273438 64.57833333333333
4357.219176888021 64.57833333333333
4357.273041666666 64.57833333333333
