2.30638245417277 9.801666666666666
2.3063824567159017 9.801666666666666
2.3063824517567952 9.801666666666666
2.3063824464162193 9.801666666666666
2.3063824503580728 9.801666666666666
2.3063824544270832 9.801666666666666
2.306382456334432 9.801666666666666
2.3063824447631838 9.801666666666666
2.3063824526468912 9.801666666666666
2.3063824522654217 9.801666666666666
2.3063824473063153 9.801666666666666
2.3063824560801187 9.801666666666666
2.3063824560801187 9.801666666666666
2.30638245417277 9.801666666666666
2.3063824526468912 9.801666666666666
2.3063824503580728 9.801666666666666
2.3063824493408203 9.801666666666666
2.3063824536641437 9.801666666666666
2.3063824474334718 9.801666666666666
2.3063824511210123 9.801666666666666
2.3063824507395427 9.801666666666666
2.306382462310791 9.801666666666666
2.306382447942098 9.801666666666666
2.3063824493408203 9.801666666666666
2.3063824588775637 9.801666666666666
2.30638245900472 9.801666666666666
2.306382453028361 9.801666666666666
2.3063824516296387 9.801666666666666
2.3063824466705323 9.801666666666666
2.3063824445088703 9.801666666666666
