0.7912198348363241 70.94333333333333
384.04711615397133 66.44666666666667
2968.7400302083333 65.49666666666667
6730.644019401042 65.065
11142.058559114583 64.83
15307.909599479166 64.66833333333334
18856.910609895833 64.55333333333333
21743.3025515625 64.5
23947.156758984376 64.47333333333333
25662.805143229165 64.455
26880.767101041667 64.44
27757.621858854167 64.42833333333333
28376.42681875 64.41833333333334
28832.279966666665 64.41166666666666
29144.4153859375 64.42166666666667
29363.7094796875 64.42833333333333
29518.682703125 64.43
29622.345970833332 64.42666666666666
29697.271902083332 64.43
29745.080561979168 64.43
29775.3293921875 64.43
29792.403895833333 64.42833333333333
29802.637332291666 64.42666666666666
29805.950713541668 64.42666666666666
29806.7695484375 64.42666666666666
29806.78318046875 64.42666666666666
29806.74918645833 64.42666666666666
29806.729700520835 64.42666666666666
29806.736597916668 64.42666666666666
29806.7254890625 64.42666666666666
