0.48340938709576925 82.36166666666666
0.6520088746388754 79.19
1.2315153840065003 76.67166666666667
0.5713138741811117 81.35166666666667
0.6263889245033264 79.385
0.771458438650767 75.36166666666666
0.8453149256388346 73.61666666666666
0.9387263251622517 70.59666666666666
1.0193754978179932 68.94166666666666
1.104409904162089 67.12166666666667
1.1489149546941122 65.485
1.1842245197296142 63.64
1.1881309491475422 63.45
1.1903540491739908 63.208333333333336
1.1939869808197021 62.88166666666667
1.1941577206929526 62.79333333333334
1.1947882868766784 62.721666666666664
1.1957359512329102 62.681666666666665
1.1958899374008178 62.625
1.1960397830963134 62.595
1.195999063428243 62.586666666666666
1.1960407323201498 62.58166666666666
1.1958946043968202 62.56666666666667
1.1958837525685628 62.56166666666667
1.1958758447647095 62.56666666666667
1.195854877503713 62.57333333333333
1.1958474411010742 62.57333333333333
1.1958548666636148 62.57333333333333
1.1959058128992717 62.575
1.1959555920918783 62.56666666666667
