9.161113102213541 9.451666666666666
9.16111311747233 9.451666666666666
9.161113044230143 9.451666666666666
9.161113080342611 9.451666666666666
9.161113056437175 9.451666666666666
9.161113096618653 9.451666666666666
9.161113062795003 9.451666666666666
9.161113092549641 9.451666666666666
9.161113115437825 9.451666666666666
9.161113057454427 9.451666666666666
9.16111314646403 9.451666666666666
9.161113078308105 9.451666666666666
9.161113095092773 9.451666666666666
9.16111300760905 9.451666666666666
9.161113085428873 9.451666666666666
9.161113141377767 9.451666666666666
9.161113126118979 9.451666666666666
9.161113098653157 9.451666666666666
9.161113088480631 9.451666666666666
9.161113097127279 9.451666666666666
9.161113110860189 9.451666666666666
9.161113076273601 9.451666666666666
9.161113090006511 9.451666666666666
9.161113067626953 9.451666666666666
9.161113067118327 9.451666666666666
9.161113094075521 9.451666666666666
9.161113121287029 9.451666666666666
9.161113132222493 9.451666666666666
9.161113114929199 9.451666666666666
9.161113065083821 9.451666666666666
