64646.57135916227 11.313333333333333
63081.837205646516 11.308333333333334
62041.44630150655 11.306666666666667
61308.54201072947 11.306666666666667
60795.75465559514 11.306666666666667
60476.826943251166 11.306666666666667
60229.962688087464 11.306666666666667
60076.98003266068 11.305
59945.52629087804 11.305
59860.81033852946 11.305
59811.138788472745 11.305
59767.919108298236 11.305
59740.32915743637 11.305
59722.922701329044 11.305
59705.34807431361 11.305
59672.866367599745 11.305
59640.808634815345 11.305
59616.2074231748 11.305
59604.68202767525 11.305
59588.90300374743 11.305
59574.986336104965 11.305
59573.37578429133 11.305
59573.385653444675 11.305
59573.38463669866 11.305
59573.39197683309 11.305
59573.39072628746 11.305
59573.3913652181 11.305
59573.39227380663 11.305
59573.391028430684 11.305
59573.38977331111 11.305
