1.894821031443278 36.903333333333336
1.894821032333374 36.903333333333336
1.8948210313161213 36.903333333333336
1.8948210371653238 36.903333333333336
1.894821030553182 36.903333333333336
1.8948210333506266 36.903333333333336
1.8948210311889648 36.903333333333336
1.8948210359573365 36.903333333333336
1.8948210333506266 36.903333333333336
1.894821030807495 36.903333333333336
1.8948210313796998 36.903333333333336
1.8948210238138834 36.903333333333336
1.894821038945516 36.903333333333336
1.8948210403442383 36.903333333333336
1.8948210300445556 36.903333333333336
1.8948210336049398 36.903333333333336
1.8948210334777833 36.903333333333336
1.8948210284550984 36.903333333333336
1.8948210339864096 36.903333333333336
1.8948210337320963 36.903333333333336
1.8948210283915201 36.903333333333336
1.8948210326512656 36.903333333333336
1.8948210241953531 36.903333333333336
1.8948210315068563 36.903333333333336
1.8948210367202758 36.903333333333336
1.8948210287729899 36.903333333333336
1.8948210390726725 36.903333333333336
1.8948210351308188 36.903333333333336
1.8948210364659628 36.903333333333336
1.8948210408528645 36.903333333333336
