0.37001114434401194 88.75833333333334
0.23596604079405467 93.35
0.24561049609382948 92.97833333333334
0.29668264425893626 93.00166666666667
0.30529380479802687 92.99666666666667
0.3032590767522653 92.97833333333334
0.2997004278590282 92.98166666666667
0.29644726330687604 92.98
0.29406941954518356 92.985
0.29213791809032363 92.97666666666667
0.29088036878903706 92.985
0.2898935963610808 92.98
0.2893157104323308 92.97833333333334
0.2889305336346229 92.98166666666667
0.2887454979697863 92.98166666666667
0.28853320764700574 92.98166666666667
0.2883851444122692 92.98166666666667
0.2883003600329161 92.98166666666667
0.2882372512777646 92.98166666666667
0.2881868938008944 92.98166666666667
0.2881497335796555 92.98166666666667
0.28811921984851363 92.98166666666667
0.28809806234786905 92.98166666666667
0.2880838628490766 92.98166666666667
0.2880689040104548 92.98166666666667
0.2880606527775526 92.98166666666667
0.2880538991674781 92.98166666666667
0.28804574427604673 92.98166666666667
0.2880408275047938 92.98166666666667
0.28803757979671163 92.98166666666667
