2.093234124247233 26.623333333333335
2.093234131368001 26.623333333333335
2.0932341257095337 26.623333333333335
2.0932341255187987 26.623333333333335
2.0932341222127278 26.623333333333335
2.0932341225941977 26.623333333333335
2.093234132003784 26.623333333333335
2.0932341342926026 26.623333333333335
2.0932341325124106 26.623333333333335
2.0932341267903647 26.623333333333335
2.093234135945638 26.623333333333335
2.093234112675985 26.623333333333335
2.0932341270446777 26.623333333333335
2.0932341321309407 26.623333333333335
2.0932341300964357 26.623333333333335
2.09323412806193 26.623333333333335
2.0932341196695963 26.623333333333335
2.093234135945638 26.623333333333335
2.093234145228068 26.623333333333335
2.0932341367085776 26.623333333333335
2.0932341237386067 26.623333333333335
2.0932341339111327 26.623333333333335
2.093234136581421 26.623333333333335
2.093234129333496 26.623333333333335
2.0932341325124106 26.623333333333335
2.0932341272989907 26.623333333333335
2.0932341256459552 26.623333333333335
2.093234129079183 26.623333333333335
2.0932341296513877 26.623333333333335
2.0932341255187987 26.623333333333335
