3.399409434382121 8.09
3.3994094351450603 8.09
3.399409424082438 8.09
3.3994094179789225 8.09
3.3994094435373943 8.09
3.3994094312032064 8.09
3.399409417470296 8.09
3.3994094362894693 8.09
3.3994094060262046 8.09
3.3994094122568765 8.09
3.399409434000651 8.09
3.3994094263712564 8.09
3.3994094281514484 8.09
3.3994094170888265 8.09
3.3994094267527264 8.09
3.3994094296773274 8.09
3.3994094225565594 8.09
3.399409418487549 8.09
3.399409432220459 8.09
3.399409432856242 8.09
3.399409425354004 8.09
3.3994094476064047 8.09
3.3994094281514484 8.09
3.3994094336191814 8.09
3.3994094173431395 8.09
3.3994094243367514 8.09
3.399409424463908 8.09
3.3994094206492105 8.09
3.3994094351450603 8.09
3.3994094195048015 8.09
