2582.476154759725 10.143333333333333
16354.181958005778 10.136666666666667
46586.95566462402 10.141666666666667
89909.70919870606 10.138333333333334
137733.28653041992 10.141666666666667
182173.67849521484 10.143333333333333
220714.82036415202 10.145
251868.59894226887 10.145
275402.69477222493 10.143333333333333
293192.5044517334 10.145
305872.7064245036 10.141666666666667
315264.5645856283 10.141666666666667
321936.58110748697 10.141666666666667
326805.3005581136 10.14
330197.7982092448 10.14
332658.9490999593 10.14
334382.80506739096 10.141666666666667
335643.3984049642 10.141666666666667
336542.82694917807 10.141666666666667
337202.0529022298 10.141666666666667
337690.77734344074 10.141666666666667
338046.054263265 10.141666666666667
338315.1676846842 10.141666666666667
338518.9781599528 10.141666666666667
338677.2184451904 10.141666666666667
338791.88814681803 10.141666666666667
338853.6276726481 10.143333333333333
338871.90329647623 10.141666666666667
338872.9664361328 10.141666666666667
338872.9691730794 10.141666666666667
