1689968.5998 13.335
4674620.385333333 13.306666666666667
5988464.199466666 13.285
6605102.879466667 13.273333333333333
6908406.4784 13.276666666666667
7058210.345333333 13.278333333333334
7132680.718133333 13.281666666666666
7171401.9218666665 13.285
7192276.025866667 13.283333333333333
7204233.7536 13.281666666666666
7211158.364 13.281666666666666
7215311.567466667 13.281666666666666
7217865.02 13.281666666666666
7219753.8688 13.281666666666666
7220688.3448 13.281666666666666
7221329.935733333 13.281666666666666
7221790.2104 13.281666666666666
7222192.759466667 13.281666666666666
7222431.317333333 13.281666666666666
7222453.932533333 13.281666666666666
7222453.922666667 13.281666666666666
7222453.890666666 13.281666666666666
7222453.916266667 13.281666666666666
7222453.918933333 13.281666666666666
7222453.882133333 13.281666666666666
7222453.915733334 13.281666666666666
7222453.940533333 13.281666666666666
7222453.9208 13.281666666666666
7222453.8872 13.281666666666666
7222453.9248 13.281666666666666
