1.6549590248743693 70.70166666666667
1.6936244415918986 71.13333333333334
6.468218174743653 71.015
14.854517892710367 70.61333333333333
28.044960459391277 70.215
42.815019344584144 69.95166666666667
55.12438947652181 69.86166666666666
63.01326606445313 69.85666666666667
69.40710321655274 69.86
74.81589357706706 69.82666666666667
78.61765749104818 69.81333333333333
81.48675772857666 69.80666666666667
83.27033546346028 69.8
84.70337359008789 69.79666666666667
85.63421879882813 69.79833333333333
86.35884725952148 69.795
86.84242045898438 69.795
87.16582754516601 69.795
87.42582268880209 69.795
87.61300845947265 69.79166666666667
87.74355745239258 69.79
87.84465250854493 69.79
87.91446663920085 69.79
87.97013040364584 69.79
88.01182544555664 69.79
88.04449229532878 69.79
88.07079083048502 69.79
88.09072822265625 69.79
88.10481288045247 69.79
88.1146631652832 69.79
