2.3067329090118407 11.741666666666667
2.306732925160726 11.741666666666667
2.306732923253377 11.741666666666667
2.306732919692993 11.741666666666667
2.306732924779256 11.741666666666667
2.306732922490438 11.741666666666667
2.306732919692993 11.741666666666667
2.306732913970947 11.741666666666667
2.306732922108968 11.741666666666667
2.3067329257965086 11.741666666666667
2.306732912190755 11.741666666666667
2.30673292388916 11.741666666666667
2.306732933298747 11.741666666666667
2.3067329207102456 11.741666666666667
2.3067329277038575 11.741666666666667
2.3067329204559326 11.741666666666667
2.3067329259236655 11.741666666666667
2.3067329168955486 11.741666666666667
2.306732936477661 11.741666666666667
2.3067329219818116 11.741666666666667
2.306732923380534 11.741666666666667
2.306732915496826 11.741666666666667
2.3067329193115236 11.741666666666667
2.3067329282124835 11.741666666666667
2.3067329135894776 11.741666666666667
2.306732926305135 11.741666666666667
2.306732926686605 11.741666666666667
2.3067329202016196 11.741666666666667
2.3067329297383625 11.741666666666667
2.306732923380534 11.741666666666667
