29554393334.885883 10.211666666666666
29537186825.315228 10.211666666666666
29526342299.40823 10.211666666666666
29519106637.855675 10.211666666666666
29511121790.598003 10.211666666666666
29486953190.772625 10.211666666666666
29467505970.412086 10.211666666666666
29456424250.058132 10.211666666666666
29449070805.02884 10.211666666666666
29445376809.403774 10.211666666666666
29442156324.48849 10.211666666666666
29438909277.832672 10.211666666666666
29439050927.34295 10.211666666666666
29439055772.635433 10.211666666666666
29439055772.635395 10.211666666666666
29439055772.640522 10.211666666666666
29439055772.635338 10.211666666666666
29439055772.6354 10.211666666666666
29439055772.635464 10.211666666666666
29439055772.63527 10.211666666666666
29439055772.635258 10.211666666666666
29439055798.852314 10.211666666666666
29439055825.06909 10.211666666666666
29439055772.63657 10.211666666666666
29439055842.542717 10.211666666666666
29439055737.68535 10.211666666666666
29439055772.63529 10.211666666666666
29439055772.635128 10.211666666666666
29439055746.428417 10.211666666666666
29439055982.357834 10.211666666666666
