141.56957336425782 9.303333333333333
141.5695731608073 9.303333333333333
141.5695732014974 9.303333333333333
141.56957389322918 9.303333333333333
141.5695728190104 9.303333333333333
141.5695732381185 9.303333333333333
141.56957388509116 9.303333333333333
141.56957411295573 9.303333333333333
141.56957365722656 9.303333333333333
141.56957412923177 9.303333333333333
141.56957438964844 9.303333333333333
141.56957368977865 9.303333333333333
141.56957291666666 9.303333333333333
141.56957408854166 9.303333333333333
141.5695740315755 9.303333333333333
141.56957413736978 9.303333333333333
141.56957392578124 9.303333333333333
141.56957425130207 9.303333333333333
141.56957395019532 9.303333333333333
141.56957367350262 9.303333333333333
141.56957357584636 9.303333333333333
141.56957313639322 9.303333333333333
141.5695731689453 9.303333333333333
141.56957338460288 9.303333333333333
141.56957396647135 9.303333333333333
141.56957294108074 9.303333333333333
141.56957299804688 9.303333333333333
141.56957381184895 9.303333333333333
141.56957299804688 9.303333333333333
141.5695733561198 9.303333333333333
