0.516617603000005 81.39666666666666
0.4740826687812805 83.39166666666667
0.5285584640820821 83.00666666666666
1.861572843170166 28.703333333333333
2.09357855275472 24.733333333333334
2.1069430665334066 23.206666666666667
2.116756071662903 22.31833333333333
2.1289890859603884 21.485
2.1369377031962076 20.968333333333334
2.144210741297404 20.503333333333334
2.148811007563273 20.225
2.1506006507873536 20.106666666666666
2.1521518197377523 19.983333333333334
2.1532313245773316 19.911666666666665
2.1541237461090086 19.848333333333333
2.1547058565775554 19.808333333333334
2.1551284501393635 19.795
2.1554192868550617 19.783333333333335
2.155643201446533 19.77166666666667
2.155799321746826 19.751666666666665
2.155897794596354 19.748333333333335
2.1559637283325195 19.741666666666667
2.1560138696034747 19.738333333333333
2.1560534754435223 19.738333333333333
2.1560848851521808 19.735
2.156105443572998 19.731666666666666
2.156110239283244 19.731666666666666
2.156108585611979 19.731666666666666
2.1561062744140624 19.731666666666666
2.1561058106740316 19.733333333333334
