2.3075999551137287 10.131666666666666
2.3075999590555827 10.131666666666666
2.307599961598714 10.131666666666666
2.3075999473571778 10.131666666666666
2.3075999463399253 10.131666666666666
2.3075999453226723 10.131666666666666
2.3075999643961587 10.131666666666666
2.3075999551137287 10.131666666666666
2.3075999477386473 10.131666666666666
2.307599963124593 10.131666666666666
2.307599957148234 10.131666666666666
2.3075999373118083 10.131666666666666
2.3075999481201173 10.131666666666666
2.307599943415324 10.131666666666666
2.3075999518076578 10.131666666666666
2.3075999532063802 10.131666666666666
2.3075999504089357 10.131666666666666
2.307599938710531 10.131666666666666
2.3075999502817788 10.131666666666666
2.3075999463399253 10.131666666666666
2.3075999530792237 10.131666666666666
2.3075999501546223 10.131666666666666
2.307599959564209 10.131666666666666
2.3075999566396077 10.131666666666666
2.3075999530792237 10.131666666666666
2.3075999514261882 10.131666666666666
2.307599946721395 10.131666666666666
2.3075999557495117 10.131666666666666
2.3075999617258707 10.131666666666666
2.3075999563852947 10.131666666666666
