3.1045059595962287e+31 37.03333333333333
3.5365004770899424e+31 37.03666666666667
3.5411326026763658e+31 37.03666666666667
3.541182011313423e+31 37.03666666666667
3.5411819989340227e+31 37.03666666666667
3.5411820088633335e+31 37.03666666666667
3.5411819966128854e+31 37.03666666666667
3.54118200925019e+31 37.03666666666667
3.5411820006104e+31 37.03666666666667
3.5411819870704307e+31 37.03666666666667
3.54118200370525e+31 37.03666666666667
3.541182003963154e+31 37.03666666666667
3.5411820120871358e+31 37.03666666666667
3.541182024208632e+31 37.03666666666667
3.5411820119581837e+31 37.03666666666667
3.541182002286777e+31 37.03666666666667
3.541181997773454e+31 37.03666666666667
3.541182013892465e+31 37.03666666666667
3.541181992228514e+31 37.03666666666667
3.5411819736594135e+31 37.03666666666667
3.541182002028873e+31 37.03666666666667
3.5411820115713272e+31 37.03666666666667
3.541181999320879e+31 37.03666666666667
3.5411820044789626e+31 37.03666666666667
3.5411819998366872e+31 37.03666666666667
3.541182011055519e+31 37.03666666666667
3.5411820175031232e+31 37.03666666666667
3.5411820030604895e+31 37.03666666666667
3.5411820083475254e+31 37.03666666666667
3.541181999191927e+31 37.03666666666667
