2.304979411315918 11.61
2.3049794125874836 11.61
2.304979411315918 11.61
2.304979410044352 11.61
2.304979404958089 11.61
2.304979407374064 11.61
2.3049794083913167 11.61
2.304979408899943 11.61
2.304979412841797 11.61
2.304979410298665 11.61
2.3049794083913167 11.61
2.304979414240519 11.61
2.304979423014323 11.61
2.3049794110616046 11.61
2.304979416147868 11.61
2.304979407628377 11.61
2.3049794165293376 11.61
2.3049794167836506 11.61
2.30497940343221 11.61
2.3049794087727866 11.61
2.3049794209798176 11.61
2.304979415130615 11.61
2.304979402796427 11.61
2.304979426320394 11.61
2.304979413350423 11.61
2.304979416910807 11.61
2.304979398091634 11.61
2.304979406102498 11.61
2.304979412841797 11.61
2.304979409535726 11.61
