0.6986940161069234 78.36666666666666
0.7817228108406067 78.08833333333334
0.7572500712076823 79.09166666666667
0.7769333042462667 78.43333333333334
0.759998821401596 78.88333333333334
0.7528710297902426 79.035
0.7483231520970662 79.14166666666667
0.7451865693410238 79.15833333333333
0.7439580315272013 79.17166666666667
0.7427950665791829 79.18666666666667
0.7431426528294881 79.17
0.7426475437323252 79.18166666666667
0.742180614566803 79.18833333333333
0.7418969546000163 79.18166666666667
0.7417044368743897 79.185
0.7415953020413717 79.18333333333334
0.7415850917657216 79.18333333333334
0.7415850479602814 79.185
0.741470938650767 79.17833333333333
0.7414673575719197 79.18166666666667
0.7414321245670319 79.18166666666667
0.7414226132710775 79.18
0.74141382188797 79.18
0.7413980082829793 79.18
0.7413781232515971 79.17666666666666
0.741374516582489 79.17833333333333
0.7413658314387004 79.17833333333333
0.7413569472312928 79.17666666666666
0.7413543842633565 79.17666666666666
0.7413500019073487 79.17666666666666
