2.312332506052653 9.998333333333333
2.311064715449015 10.0
2.3120407895406085 10.0
2.3116366433461506 10.0
2.3117078347524007 10.0
2.3110972432454426 10.0
2.310949088541667 10.0
2.3112368072509764 10.0
2.3113649965922036 10.0
2.3112861076354982 10.0
2.3112680839538573 10.0
2.311199421183268 10.0
2.3112054122924803 10.0
2.311181664276123 10.0
2.3111743933359783 10.0
2.311193900044759 10.0
2.311194626998901 10.0
2.3111941332499186 10.0
2.311189746348063 10.0
2.311188240814209 10.0
2.3111876789093015 10.0
2.3111835165659587 10.0
2.3111831302642822 10.0
2.3111827236175535 10.0
2.3111810757954916 10.0
2.3111817092895506 10.0
2.3111815670013427 10.0
2.3111791681925458 10.0
2.3111785685221355 10.0
2.3111785921732584 10.0
