34975.7790125 11.616666666666667
70325.86158541667 11.62
89929.257975 11.618333333333334
100725.32779166667 11.615
106950.5830875 11.615
110616.49111666667 11.613333333333333
112959.2404125 11.613333333333333
114490.59658333333 11.613333333333333
115558.89432083334 11.613333333333333
116285.49787916667 11.613333333333333
116790.6092375 11.613333333333333
117148.86688333334 11.613333333333333
117397.72908333334 11.613333333333333
117571.8179375 11.613333333333333
117691.37535416667 11.613333333333333
117776.7567875 11.613333333333333
117835.13184583333 11.613333333333333
117880.23468333333 11.613333333333333
117910.90758333333 11.613333333333333
117926.75607916666 11.613333333333333
117937.84740833333 11.613333333333333
117945.6267 11.613333333333333
117951.732725 11.613333333333333
117955.27902916666 11.613333333333333
117956.22195 11.613333333333333
117956.22985 11.613333333333333
117956.2303 11.613333333333333
117956.23030416666 11.613333333333333
117956.22968333334 11.613333333333333
117956.23023333334 11.613333333333333
