0.4490730424404144 84.29166666666667
0.42434443817138673 84.56833333333333
0.4031565034389496 85.49166666666666
0.4015549700419108 85.41333333333333
0.4019542211214701 85.425
0.4027292898972829 85.46666666666667
0.403471372850736 85.47833333333334
0.404030970398585 85.46166666666667
0.40447193892796834 85.46333333333334
0.4047098383108775 85.45166666666667
0.40492526005109153 85.45666666666666
0.40506192410786945 85.45833333333333
0.4051607471148173 85.46166666666667
0.4052206154346466 85.46166666666667
0.4052600751876831 85.46
0.40529307418664295 85.46
0.40532444518407185 85.46166666666667
0.4053498811562856 85.46
0.405364749177297 85.46
0.4053786375204722 85.46166666666667
0.4053911933819453 85.46166666666667
0.4054014923731486 85.46166666666667
0.40541147362391156 85.46166666666667
0.40541923220952353 85.46166666666667
0.40542645677725475 85.46333333333334
0.4054330416202545 85.46333333333334
0.40543806958198547 85.46333333333334
0.40544224319458005 85.46333333333334
0.40544509340922036 85.46333333333334
0.40544738340377806 85.46333333333334
