0.2408449675599734 92.7
0.19903288020292917 94.64833333333333
0.2019961907585462 94.73666666666666
0.2019961910367012 94.73666666666666
0.20199619155327478 94.73666666666666
0.2019961911559105 94.73666666666666
0.20199619149367015 94.73666666666666
0.20199619146585465 94.73666666666666
0.20199619174003602 94.73666666666666
0.20199619276920955 94.73666666666666
0.20199619046847025 94.73666666666666
0.20199619199434915 94.73666666666666
0.2019961911122004 94.73666666666666
0.20199619104862213 94.73666666666666
0.20199619148572287 94.73666666666666
0.20199619104067484 94.73666666666666
0.20199619204203287 94.73666666666666
0.20199619232813518 94.73666666666666
0.20199619015057882 94.73666666666666
0.2019961917559306 94.73666666666666
0.20199619117577872 94.73666666666666
0.20199619076251984 94.73666666666666
0.20199619144598643 94.73666666666666
0.20199619000752767 94.73666666666666
0.20199619047641754 94.73666666666666
0.20199619055986404 94.73666666666666
0.20199619198640187 94.73666666666666
0.2019961910088857 94.73666666666666
0.2019961923122406 94.73666666666666
0.201996191294988 94.73666666666666
