2.394758074951172 9.715
2.3312846150716147 9.726666666666667
2.32078656056722 9.728333333333333
2.3201349597930907 9.728333333333333
2.3192900047302247 9.73
2.318271169281006 9.73
2.317390094502767 9.73
2.3168231479644774 9.73
2.316873355356852 9.73
2.3168940608978272 9.73
2.316691411972046 9.731666666666667
2.3166383304595946 9.73
2.3166744771321617 9.73
2.3165811045328777 9.73
2.3164801886240642 9.73
2.316452168782552 9.73
2.316453103383382 9.73
2.3164532459259033 9.73
2.316445069249471 9.73
2.3164430943806966 9.73
2.3164435147603353 9.73
2.3164410274505616 9.73
2.316439102045695 9.73
2.3164368896484375 9.73
2.31643680229187 9.73
2.3164372805277504 9.73
2.316438282140096 9.73
2.316438471857707 9.73
2.316439148203532 9.73
2.3164390012105307 9.73
