2.419448061243693 8.821666666666667
2.419448049926758 8.821666666666667
2.4194480623881023 8.821666666666667
2.4194480673472087 8.821666666666667
2.4194480630238853 8.821666666666667
2.419448063405355 8.821666666666667
2.4194480693817138 8.821666666666667
2.4194480676015218 8.821666666666667
2.419448075866699 8.821666666666667
2.4194480649312338 8.821666666666667
2.4194480587005613 8.821666666666667
2.4194480650583903 8.821666666666667
2.4194480599721273 8.821666666666667
2.419448059844971 8.821666666666667
2.4194480748494467 8.821666666666667
2.4194480664571127 8.821666666666667
2.4194480595906573 8.821666666666667
2.4194480649312338 8.821666666666667
2.4194480748494467 8.821666666666667
2.4194480663299562 8.821666666666667
2.4194480646769208 8.821666666666667
2.419448057683309 8.821666666666667
2.4194480690002442 8.821666666666667
2.4194480726877847 8.821666666666667
2.4194480622609458 8.821666666666667
2.419448061243693 8.821666666666667
2.4194480599721273 8.821666666666667
2.4194480728149412 8.821666666666667
2.4194480640411378 8.821666666666667
2.419448064549764 8.821666666666667
