181.0494589263916 28.236666666666668
1392.6696809082032 28.136666666666667
4034.644550553385 28.076666666666668
7704.8028598958335 28.065
11928.053722135417 28.05666666666667
15741.88234361979 28.051666666666666
19036.392301041666 28.05666666666667
21682.60626236979 28.055
23727.434421484377 28.058333333333334
25218.430698177082 28.06
26312.837174739583 28.061666666666667
27097.27849765625 28.06
27672.1539484375 28.063333333333333
28089.434702864583 28.061666666666667
28389.541491145832 28.06
28595.728059635418 28.06
28745.123051302082 28.061666666666667
28853.350691666667 28.063333333333333
28932.049903385418 28.061666666666667
28989.60519609375 28.061666666666667
29032.36398671875 28.061666666666667
29064.12422734375 28.061666666666667
29088.495121875 28.061666666666667
29106.78107721354 28.061666666666667
29121.161727083334 28.061666666666667
29132.325742447916 28.061666666666667
29138.897747135416 28.061666666666667
29142.871225520834 28.061666666666667
29145.0309296875 28.061666666666667
29145.648244791668 28.061666666666667
