2.3061767843882244 10.0
2.306176783625285 10.0
2.30617679049174 10.0
2.30617679049174 10.0
2.306176793797811 10.0
2.306176793543498 10.0
2.3061767977396648 10.0
2.306176783625285 10.0
2.306176780319214 10.0
2.3061767859141034 10.0
2.3061767870585124 10.0
2.3061767927805583 10.0
2.306176787821452 10.0
2.306176780954997 10.0
2.3061767954508463 10.0
2.3061767789204914 10.0
2.3061767890930174 10.0
2.3061767822265624 10.0
2.306176782989502 10.0
2.3061767834981284 10.0
2.306176785151164 10.0
2.3061767977396648 10.0
2.3061767873128254 10.0
2.306176775232951 10.0
2.306176787821452 10.0
2.306176783625285 10.0
2.3061767807006834 10.0
2.3061767837524414 10.0
2.3061767846425374 10.0
2.3061767883300783 10.0
