0.6605145838419596 79.835
0.649033886496226 80.83666666666667
0.6461718568483988 80.89166666666667
0.6461718566258748 80.89166666666667
0.6461718570073446 80.89166666666667
0.6461718585968017 80.89166666666667
0.6461718576749166 80.89166666666667
0.6461718596458436 80.89166666666667
0.6461718576749166 80.89166666666667
0.6461718582153321 80.89166666666667
0.6461718606630961 80.89166666666667
0.6461718582471212 80.89166666666667
0.646171855767568 80.89166666666667
0.6461718587239583 80.89166666666667
0.6461718589782715 80.89166666666667
0.6461718541463216 80.89166666666667
0.6461718625704448 80.89166666666667
0.6461718582153321 80.89166666666667
0.6461718579451243 80.89166666666667
0.6461718575795492 80.89166666666667
0.6461718596776327 80.89166666666667
0.6461718572934468 80.89166666666667
0.6461718585014343 80.89166666666667
0.6461718589782715 80.89166666666667
0.6461718587557475 80.89166666666667
0.6461718613465627 80.89166666666667
0.6461718557993571 80.89166666666667
0.6461718588829041 80.89166666666667
0.6461718572934468 80.89166666666667
0.6461718591690063 80.89166666666667
