2.301177567545573 11.236666666666666
2.3008512321472168 11.236666666666666
2.3008512390136717 11.236666666666666
2.3008512385050457 11.236666666666666
2.300851241556803 11.236666666666666
2.3008512367248537 11.236666666666666
2.3008512324015298 11.236666666666666
2.3008512390136717 11.236666666666666
2.3008512364705402 11.236666666666666
2.300851239776611 11.236666666666666
2.3008512348175048 11.236666666666666
2.3008512484232586 11.236666666666666
2.300851244862874 11.236666666666666
2.300851256688436 11.236666666666666
2.3008512332916258 11.236666666666666
2.3008512381235757 11.236666666666666
2.300851247660319 11.236666666666666
2.30085124130249 11.236666666666666
2.3008512402852377 11.236666666666666
2.3008512245178223 11.236666666666666
2.300851240666707 11.236666666666666
2.3008512332916258 11.236666666666666
2.300851239267985 11.236666666666666
2.300851243464152 11.236666666666666
2.300851253255208 11.236666666666666
2.3008512420654297 11.236666666666666
2.300851239267985 11.236666666666666
2.300851239267985 11.236666666666666
2.300851261774699 11.236666666666666
2.3008512322743733 11.236666666666666
