0.1378132575104634 95.97333333333333
0.9113654589970906 75.76833333333333
0.41866044555505116 87.705
0.5519627191066742 85.65
1.0317588174502055 86.32166666666667
1.8216984261512756 82.695
2.265677449289958 80.01333333333334
1.486565680774053 84.04833333333333
1.0237994506518047 86.245
0.7955466179847718 87.30833333333334
0.684773463845253 87.69833333333334
0.5131938537716866 88.86666666666666
0.42711624364852907 89.4
0.37544208105802535 89.805
0.35396674510240556 89.965
0.3463540641029676 89.955
0.34426067688862483 89.91166666666666
0.343713152551651 89.91333333333333
0.343714787097772 89.86
0.34388743775685626 89.83833333333334
0.3440373008489609 89.835
0.3441959830125173 89.83166666666666
0.3442778638839722 89.81
0.34433300314942994 89.80166666666666
0.34440151256720225 89.79166666666667
0.3444360679467519 89.78666666666666
0.344458238697052 89.785
0.3444844868103663 89.77333333333333
0.34451062674919763 89.77166666666666
0.3445281361381213 89.77166666666666
