2.3086505449930828 10.0
2.308650536219279 10.0
2.308650533803304 10.0
2.308650526682536 10.0
2.3086505462646483 10.0
2.3086505256652834 10.0
2.3086505393981933 10.0
2.3086505460103353 10.0
2.3086505331675213 10.0
2.3086505406697593 10.0
2.3086505274454754 10.0
2.308650532658895 10.0
2.3086505270640054 10.0
2.3086505470275878 10.0
2.308650549062093 10.0
2.308650537999471 10.0
2.3086505429585773 10.0
2.3086505318959554 10.0
2.3086505364735923 10.0
2.3086505434672038 10.0
2.308650542195638 10.0
2.3086505452473958 10.0
2.3086505486806232 10.0
2.3086505294799804 10.0
2.3086505423227948 10.0
2.3086505462646483 10.0
2.3086505378723143 10.0
2.3086505373636883 10.0
2.308650522740682 10.0
2.308650538126628 10.0
