0.2838360827773809 92.50333333333333
0.9006577406456694 92.84333333333333
1.7896613267931623 92.79166666666667
2.591931856430508 92.76833333333333
3.240542279499815 92.75166666666667
3.7672788180359564 92.74166666666666
4.192914889356961 92.72666666666667
4.4878157247960315 92.73166666666667
4.701712320000873 92.72666666666667
4.850322929934893 92.715
4.958330475978456 92.71666666666667
5.034376694353679 92.72
5.0896698712374775 92.71833333333333
5.12610317405458 92.71833333333333
5.153333508409852 92.71833333333333
5.172563292768021 92.71833333333333
5.184464794913431 92.71666666666667
5.192786108998121 92.71666666666667
5.199265696336631 92.71666666666667
5.203372786983479 92.71666666666667
5.20623713097012 92.71666666666667
5.207878538171324 92.71666666666667
5.2090001956433065 92.71666666666667
5.209579253921892 92.71666666666667
5.209823165361396 92.71666666666667
5.209843606062653 92.71666666666667
5.209812866080525 92.71666666666667
5.2097390800592605 92.71666666666667
5.2097067786270115 92.71666666666667
5.209682008970484 92.71666666666667
