7.925654814147949 7.323333333333333
7.925654808044434 7.323333333333333
7.925654806518555 7.323333333333333
7.9256548380533856 7.323333333333333
7.925654827372233 7.323333333333333
7.925654801940918 7.323333333333333
7.9256548482259115 7.323333333333333
7.925654791768392 7.323333333333333
7.925654836527507 7.323333333333333
7.92565479888916 7.323333333333333
7.925654811096192 7.323333333333333
7.9256548360188805 7.323333333333333
7.925654849243164 7.323333333333333
7.925654856363932 7.323333333333333
7.925654856872558 7.323333333333333
7.9256548505147295 7.323333333333333
7.925654818725586 7.323333333333333
7.925654815673828 7.323333333333333
7.9256548589070634 7.323333333333333
7.925654872639974 7.323333333333333
7.925654824320476 7.323333333333333
7.925654818725586 7.323333333333333
7.925654827372233 7.323333333333333
7.92565480855306 7.323333333333333
7.925654830678304 7.323333333333333
7.925654815165202 7.323333333333333
7.925654821777344 7.323333333333333
7.925654817199707 7.323333333333333
7.92565478922526 7.323333333333333
7.925654812876384 7.323333333333333
