3.235001256942749 9.035
3.384710317738851 9.736666666666666
3.4479904983520506 9.736666666666666
3.6924203782399494 9.736666666666666
3.7376087368011475 9.038333333333334
3.7750894694010415 9.736666666666666
3.807633533859253 9.038333333333334
3.821231941095988 9.735
3.836035259628296 9.735
3.8628631148020425 9.743333333333334
3.8783948270161948 9.743333333333334
3.8895864933013917 9.743333333333334
3.896318095397949 9.743333333333334
3.901582802200317 9.745
3.9047201613108315 9.745
3.906201965713501 9.745
3.907377644475301 9.745
3.908001410802205 9.745
3.9084648189544677 9.745
3.908923770904541 9.745
3.9091721031188964 9.745
3.90914884223938 9.745
3.9088190246582033 9.745
3.908339988962809 9.745
3.908089244969686 9.745
3.907742831548055 9.745
3.9074373069763184 9.745
3.9073944939931233 9.745
3.9074691239674886 9.745
3.9075352615356445 9.745
