2.312705223464966 9.31
2.3127052266438803 9.31
2.312705242284139 9.31
2.312705221684774 9.31
2.3127052257537843 9.31
2.3127052319844563 9.31
2.3127052302042643 9.31
2.31270522740682 9.31
2.3127052229563394 9.31
2.312705250295003 9.31
2.31270522257487 9.31
2.312705225245158 9.31
2.312705232747396 9.31
2.3127052295684813 9.31
2.312705228805542 9.31
2.3127052293141683 9.31
2.3127052337646483 9.31
2.312705230077108 9.31
2.3127052209218344 9.31
2.3127052392323812 9.31
2.312705228551229 9.31
2.312705234273275 9.31
2.312705233001709 9.31
2.312705229441325 9.31
2.31270521774292 9.31
2.3127052247365314 9.31
2.312705234781901 9.31
2.3127052268981934 9.31
2.312705230077108 9.31
2.3127052448272707 9.31
