2.3106859330495197 10.0
2.3106859291076662 10.0
2.3106859091440834 10.0
2.3106859327952067 10.0
2.3106859236399333 10.0
2.3106859128316244 10.0
2.310685924402873 10.0
2.3106859338124592 10.0
2.3106859212239583 10.0
2.3106859172821044 10.0
2.3106859259287518 10.0
2.3106859200795493 10.0
2.310685922241211 10.0
2.3106859241485598 10.0
2.3106859331766763 10.0
2.310685924402873 10.0
2.310685935338338 10.0
2.310685906346639 10.0
2.3106859287261963 10.0
2.3106859274546308 10.0
2.3106859284718833 10.0
2.310685918426514 10.0
2.3106859293619793 10.0
2.3106859158833823 10.0
2.3106859363555907 10.0
2.3106859232584633 10.0
2.310685927327474 10.0
2.310685915629069 10.0
2.3106859200795493 10.0
2.310685920715332 10.0
