2.335132261657715 14.27
2.3351322676340738 14.27
2.335132251993815 14.27
2.3351322719573973 14.27
2.3351322522481284 14.27
2.335132257461548 14.27
2.3351322704315187 14.27
2.335132262293498 14.27
2.335132261021932 14.27
2.3351322396596275 14.27
2.3351322672526043 14.27
2.335132251993815 14.27
2.335132252375285 14.27
2.3351322540283204 14.27
2.3351322540283204 14.27
2.335132260767619 14.27
2.335132258733114 14.27
2.335132252375285 14.27
2.3351322570800783 14.27
2.3351322570800783 14.27
2.3351322465260824 14.27
2.3351322516123454 14.27
2.3351322489420574 14.27
2.3351322434743245 14.27
2.335132246653239 14.27
2.3351322476704914 14.27
2.3351322545369464 14.27
2.3351322603861493 14.27
2.335132256317139 14.27
2.335132246907552 14.27
