2.666766722424825 70.98333333333333
2.938095869636536 70.80333333333333
5.157943680445353 70.62333333333333
30.038803193155925 69.94666666666667
55.36479436238607 69.88666666666667
77.66094244588216 69.87
96.104297462972 69.84166666666667
110.28594653320313 69.83333333333333
120.97463794352214 69.82666666666667
128.84847344360352 69.82333333333334
134.3012579711914 69.82166666666667
138.25682704874674 69.81833333333333
141.08327329508464 69.81833333333333
143.08677388509113 69.81666666666666
144.52568763834634 69.81666666666666
145.56605166829428 69.81666666666666
146.2694657023112 69.81666666666666
146.76982067464192 69.81666666666666
147.13356280924478 69.815
147.39500087890625 69.815
147.5825165608724 69.815
147.7185990193685 69.815
147.81585201009113 69.815
147.89230451660157 69.815
147.94943013509115 69.815
147.9922467569987 69.815
148.02511289469402 69.815
148.04929737345378 69.815
148.0629826904297 69.815
148.06965701497396 69.815
