2.311279087193807 10.218333333333334
2.311279094568888 10.218333333333334
2.31127908261617 10.218333333333334
2.3112790815989177 10.218333333333334
2.3112790756225587 10.218333333333334
2.311279086303711 10.218333333333334
2.3112790723164878 10.218333333333334
2.311279085032145 10.218333333333334
2.311279087702433 10.218333333333334
2.3112790791829427 10.218333333333334
2.3112790747324627 10.218333333333334
2.3112790837605792 10.218333333333334
2.3112790837605792 10.218333333333334
2.3112790748596193 10.218333333333334
2.3112790845235187 10.218333333333334
2.311279086176554 10.218333333333334
2.3112790842692057 10.218333333333334
2.311279084777832 10.218333333333334
2.3112790790557862 10.218333333333334
2.31127908261617 10.218333333333334
2.311279070154826 10.218333333333334
2.3112790771484377 10.218333333333334
2.3112790753682453 10.218333333333334
2.3112790747324627 10.218333333333334
2.3112790765126547 10.218333333333334
2.311279084142049 10.218333333333334
2.3112790766398112 10.218333333333334
2.3112790810902912 10.218333333333334
2.311279088083903 10.218333333333334
2.3112790757497153 10.218333333333334
