0.2904536340705119 94.79833333333333
1.1118290769483696 94.73
2.159533895284084 94.715
3.169796505139438 94.70833333333333
3.976410598867115 94.70333333333333
4.6093229373670415 94.69833333333334
5.092146256342824 94.69833333333334
5.4604954339887035 94.69333333333333
5.715012311174039 94.69166666666666
5.901255489622951 94.69166666666666
6.034207254694051 94.69166666666666
6.127501708330062 94.69
6.196198095528102 94.69
6.24536837649267 94.69
6.277511619352842 94.68833333333333
6.300923182837286 94.68833333333333
6.316964474719462 94.68833333333333
6.328193732208989 94.68833333333333
6.335829563865481 94.68833333333333
6.3410385538459515 94.68833333333333
6.34451869286433 94.68833333333333
6.346847777876337 94.68833333333333
6.348136268546351 94.68833333333333
6.348614042534981 94.68833333333333
6.348817097947261 94.68833333333333
6.348791346365295 94.68833333333333
6.348788893465928 94.68833333333333
6.3487885186077 94.68833333333333
6.348788694308358 94.68833333333333
6.348788006433519 94.68833333333333
