0.48213413058916726 82.555
0.48293264668782554 83.85166666666667
0.743694148683548 83.4
0.9093274257024129 83.24833333333333
0.9971444148222606 83.23666666666666
1.039608931628863 83.25166666666667
1.071322406800588 83.255
1.0926003741105397 83.25166666666667
1.1042786971728007 83.25833333333334
1.1131604019006094 83.24833333333333
1.119581865199407 83.24833333333333
1.1249267535448075 83.24833333333333
1.1285032848676047 83.245
1.1306042251110078 83.25333333333333
1.1319900424957274 83.24666666666667
1.1332263707558314 83.25166666666667
1.1341751143137615 83.25166666666667
1.1347480831782024 83.25166666666667
1.1353434074083963 83.25166666666667
1.1357955980300902 83.25
1.136158845424652 83.25
1.1365006619930267 83.25
1.1368018189231555 83.25
1.1371127347151437 83.25
1.1373708382606507 83.25
1.137571872107188 83.24833333333333
1.13772174838384 83.25
1.137846593205134 83.25
1.137910091026624 83.25
1.1379509636720022 83.25
