2.324341090901693 10.02
2.3205318534851074 10.018333333333333
2.320055064137777 10.018333333333333
2.319688231277466 10.018333333333333
2.3199820543924967 10.018333333333333
2.3202115421295164 10.018333333333333
2.3210269173940024 10.018333333333333
2.3210356959025065 10.018333333333333
2.321470602798462 10.018333333333333
2.3211362358093264 10.018333333333333
2.3218411542256674 10.018333333333333
2.3220467085520426 10.018333333333333
2.3215985430399577 10.018333333333333
2.322075793838501 10.018333333333333
2.321989465077718 10.018333333333333
2.3219579049428303 10.018333333333333
2.321924926630656 10.018333333333333
2.3220158069610597 10.018333333333333
2.321972226079305 10.018333333333333
2.3219482055664065 10.018333333333333
2.3218963670094808 10.018333333333333
2.321827732594808 10.018333333333333
2.321729009373983 10.018333333333333
2.3217368723551433 10.018333333333333
2.3217959845225016 10.018333333333333
2.321796119562785 10.018333333333333
2.3217939548492432 10.018333333333333
2.321790865580241 10.018333333333333
2.321789201482137 10.018333333333333
2.3217890363057454 10.018333333333333
