0.6049151415665944 78.91666666666667
0.5591664270401001 79.555
0.5619813842455547 79.75
0.5619813799540202 79.75
0.5619813820679983 79.75
0.5619813849925995 79.75
0.561981384007136 79.75
0.5619813816706339 79.75
0.5619813831329346 79.75
0.5619813859780629 79.75
0.5619813827196757 79.75
0.5619813858350118 79.75
0.5619813819249471 79.75
0.5619813825925192 79.75
0.5619813874562581 79.75
0.5619813861529033 79.75
0.5619813837687174 79.75
0.5619813823064168 79.75
0.5619813817342122 79.75
0.5619813852628072 79.75
0.5619813850561778 79.75
0.5619813811302186 79.75
0.5619813835144043 79.75
0.5619813884099325 79.75
0.561981383895874 79.75
0.5619813851356507 79.75
0.5619813854853312 79.75
0.5619813828468323 79.75
0.56198138311704 79.75
0.5619813832441966 79.75
