0.16808616679708163 94.79
0.10414334288537502 96.72666666666667
0.07329934822618961 97.79833333333333
0.06713041747113069 97.91666666666667
0.15905372645836324 96.69666666666667
1.0158691244125366 79.14166666666667
2.7272517702738446 44.57666666666667
3.0546950642903647 40.76166666666666
3.0733111775716146 39.178333333333335
3.0009876984914143 38.083333333333336
2.8681246545155843 37.60333333333333
2.741863471094767 37.205
2.640862232462565 36.97833333333333
2.5640179971059163 36.76833333333333
2.505443044153849 36.67166666666667
2.465852802149455 36.605
2.4373434719085694 36.54666666666667
2.4161604913075765 36.48166666666667
2.40123676516215 36.45166666666667
2.391321595255534 36.42333333333333
2.383616435241699 36.42166666666667
2.378584329223633 36.391666666666666
2.374895301437378 36.39
2.3723206493377686 36.38
2.370626388994853 36.37833333333333
2.36947054494222 36.375
2.36863920618693 36.373333333333335
2.3680307030359904 36.37
2.367554924138387 36.37
2.3672120352427166 36.37166666666667
