2.3094483993530273 10.705
2.3094483957926433 10.705
2.309448385365804 10.705
2.3094483889261883 10.705
2.3094484046936037 10.705
2.3094483965555828 10.705
2.3094483825683594 10.705
2.3094483963012697 10.705
2.3094483963012697 10.705
2.30944838218689 10.705
2.3094484020233152 10.705
2.309448393503825 10.705
2.309448384221395 10.705
2.3094483974456788 10.705
2.3094483846028644 10.705
2.3094484011332193 10.705
2.3094484008789062 10.705
2.3094483931223553 10.705
2.3094484034220377 10.705
2.309448388417562 10.705
2.309448386891683 10.705
2.3094483949025473 10.705
2.3094483982086182 10.705
2.3094483870188394 10.705
2.3094484012603758 10.705
2.309448409016927 10.705
2.3094484029134112 10.705
2.3094483985900878 10.705
2.3094483996073403 10.705
2.3094483955383303 10.705
