2.3094967723846436 10.453333333333333
2.30949676767985 10.453333333333333
2.3094967622121176 10.453333333333333
2.3094967678070066 10.453333333333333
2.3094967664082846 10.453333333333333
2.3094967714945476 10.453333333333333
2.3094967672983806 10.453333333333333
2.3094967778523765 10.453333333333333
2.309496775563558 10.453333333333333
2.3094967681884766 10.453333333333333
2.3094967735290526 10.453333333333333
2.3094967819213865 10.453333333333333
2.3094967645009357 10.453333333333333
2.309496757253011 10.453333333333333
2.3094967745463055 10.453333333333333
2.309496765899658 10.453333333333333
2.309496772257487 10.453333333333333
2.309496768951416 10.453333333333333
2.309496769460042 10.453333333333333
2.3094967789967855 10.453333333333333
2.309496767425537 10.453333333333333
2.309496767425537 10.453333333333333
2.3094967660268146 10.453333333333333
2.309496771876017 10.453333333333333
2.3094967880249024 10.453333333333333
2.309496764373779 10.453333333333333
2.3094967618306477 10.453333333333333
2.3094967783610025 10.453333333333333
2.309496778488159 10.453333333333333
2.3094967821757 10.453333333333333
