2.3170730350494386 10.0
2.3170730332692466 10.0
2.317073028818766 10.0
2.317073042297363 10.0
2.3170730322519937 10.0
2.317073035176595 10.0
2.317073028818766 10.0
2.3170730275472007 10.0
2.3170730412801106 10.0
2.3170730410257976 10.0
2.317073031616211 10.0
2.317073027038574 10.0
2.3170730364481607 10.0
2.3170730246225992 10.0
2.3170730434417726 10.0
2.317073027292887 10.0
2.3170730189005533 10.0
2.3170730247497557 10.0
2.317073025004069 10.0
2.3170730365753176 10.0
2.3170730266571047 10.0
2.3170730271657307 10.0
2.31707303759257 10.0
2.3170730335235596 10.0
2.3170730275472007 10.0
2.3170730214436848 10.0
2.3170730373382566 10.0
2.3170730458577475 10.0
2.3170730278015137 10.0
2.3170730401357016 10.0
