2.3080481074015298 9.751666666666667
2.308048121388753 9.751666666666667
2.3080481123606362 9.751666666666667
2.308048126602173 9.751666666666667
2.308048120498657 9.751666666666667
2.3080481037139893 9.751666666666667
2.308048116556803 9.751666666666667
2.3080481248219806 9.751666666666667
2.308048120498657 9.751666666666667
2.3080481095631917 9.751666666666667
2.3080481287638346 9.751666666666667
2.3080481252034506 9.751666666666667
2.3080481201171876 9.751666666666667
2.3080481150309247 9.751666666666667
2.30804811668396 9.751666666666667
2.308048115793864 9.751666666666667
2.308048125076294 9.751666666666667
2.3080481212615966 9.751666666666667
2.3080481068929037 9.751666666666667
2.3080481126149497 9.751666666666667
2.3080481197357177 9.751666666666667
2.308048119354248 9.751666666666667
2.3080481210072836 9.751666666666667
2.3080481152852377 9.751666666666667
2.3080481164296467 9.751666666666667
2.308048123804728 9.751666666666667
2.308048116556803 9.751666666666667
2.3080481149037677 9.751666666666667
2.308048119990031 9.751666666666667
2.3080481185913087 9.751666666666667
