1.1985975054423015 48.031666666666666
1.1969638411839802 49.03333333333333
1.1978525039672852 49.028333333333336
1.1980634476979573 49.028333333333336
1.1980634521484375 49.028333333333336
1.1980634459813435 49.028333333333336
1.1980634424209595 49.028333333333336
1.1980634501775105 49.028333333333336
1.1980634494781495 49.028333333333336
1.1980634461720785 49.028333333333336
1.1980634449005128 49.028333333333336
1.1980634476979573 49.028333333333336
1.1980634492238362 49.028333333333336
1.1980634492238362 49.028333333333336
1.1980634464263915 49.028333333333336
1.1980634513219197 49.028333333333336
1.1980634464263915 49.028333333333336
1.1980634468714395 49.028333333333336
1.1980634497324625 49.028333333333336
1.1980634531021117 49.028333333333336
1.1980634380340576 49.028333333333336
1.198063444073995 49.028333333333336
1.1980634452819825 49.028333333333336
1.1980634437561035 49.028333333333336
1.1980634449005128 49.028333333333336
1.1980634498596192 49.028333333333336
1.198063447634379 49.028333333333336
1.198063451576233 49.028333333333336
1.1980634418487548 49.028333333333336
1.198063439242045 49.028333333333336
