0.6874276895840963 72.58333333333333
0.612756858921051 76.79833333333333
0.6058626267751058 77.10666666666667
0.6074420931180318 77.10666666666667
0.6074420953432719 77.10666666666667
0.6074420936902364 77.10666666666667
0.6074420959790547 77.10666666666667
0.6074420953114827 77.10666666666667
0.6074420981407166 77.10666666666667
0.607442093149821 77.10666666666667
0.6074420953114827 77.10666666666667
0.6074420928001404 77.10666666666667
0.6074420970598856 77.10666666666667
0.6074420974254608 77.10666666666667
0.6074420948346456 77.10666666666667
0.6074420963923136 77.10666666666667
0.607442091846466 77.10666666666667
0.6074420938809713 77.10666666666667
0.60744209690094 77.10666666666667
0.607442091846466 77.10666666666667
0.6074420976956686 77.10666666666667
0.6074420960903167 77.10666666666667
0.6074420973777771 77.10666666666667
0.6074420949618021 77.10666666666667
0.6074420937220255 77.10666666666667
0.607442094262441 77.10666666666667
0.6074420959790547 77.10666666666667
0.6074420960108439 77.10666666666667
0.6074420978228251 77.10666666666667
0.6074420952479045 77.10666666666667
