0.4736657306830088 82.63333333333334
0.4089291742801666 85.04
0.37989517823855085 86.61166666666666
0.3784465277353923 86.64166666666667
0.3766048226197561 86.59166666666667
0.3603735872109731 86.97666666666667
0.3653945487976074 86.73166666666667
0.37081273023287453 86.63166666666666
0.3690179363409678 86.66333333333333
0.3673207414786021 86.70166666666667
0.36817337347666423 86.68666666666667
0.36869349246025085 86.66
0.3681454543749491 86.69166666666666
0.36832639260292055 86.67666666666666
0.36830805101394654 86.68
0.3683636306444804 86.675
0.3683568475166957 86.675
0.36830852767626443 86.67666666666666
0.36829023667971295 86.68
0.3682921243985494 86.67666666666666
0.36826283973058066 86.68166666666667
0.36826142213344576 86.68
0.3682563296397527 86.68166666666667
0.3682850542227427 86.67833333333333
0.3683436659018199 86.67166666666667
0.3684023869832357 86.67333333333333
0.3684457135041555 86.67
0.36847435363133746 86.66833333333334
0.36849811368783314 86.66833333333334
0.3685133738676707 86.66833333333334
