0.5231785187880198 80.725
0.4461903047879537 84.81
0.48315816305478415 84.79
0.5115525941371918 84.81333333333333
0.5334162509918213 84.795
0.5518835795720418 84.8
0.5614667106946309 84.79833333333333
0.5693093261400859 84.79833333333333
0.5744602088054022 84.8
0.577661793589592 84.80333333333333
0.5805176784515381 84.8
0.5824098721504212 84.80166666666666
0.5837967213789622 84.80166666666666
0.5846858151038488 84.80166666666666
0.5853774105230968 84.80166666666666
0.5859093411445617 84.80166666666666
0.586304629000028 84.80166666666666
0.5865889406045278 84.8
0.5868039378007253 84.8
0.5869718011856079 84.8
0.5871168015797933 84.8
0.5872369922796885 84.8
0.5873413652578989 84.8
0.5874265706062317 84.8
0.587497695684433 84.8
0.5875616788466771 84.8
0.5876125274260838 84.8
0.5876482827822367 84.8
0.5876729068597157 84.8
0.5876875909646352 84.8
