2.3200915499369303 10.441666666666666
2.3200915466308594 10.441666666666666
2.320091547393799 10.441666666666666
2.320091554641724 10.441666666666666
2.320091544087728 10.441666666666666
2.3200915645599367 10.441666666666666
2.3200915585835773 10.441666666666666
2.32009154103597 10.441666666666666
2.3200915508270263 10.441666666666666
2.3200915435791014 10.441666666666666
2.320091551335653 10.441666666666666
2.3200915639241537 10.441666666666666
2.3200915481567383 10.441666666666666
2.320091553751628 10.441666666666666
2.3200915472666424 10.441666666666666
2.320091554260254 10.441666666666666
2.3200915444691974 10.441666666666666
2.3200915568033853 10.441666666666666
2.3200915570576988 10.441666666666666
2.3200915596008302 10.441666666666666
2.3200915654500327 10.441666666666666
2.3200915562947593 10.441666666666666
2.3200915512084963 10.441666666666666
2.3200915433247884 10.441666666666666
2.320091549173991 10.441666666666666
2.3200915603637697 10.441666666666666
2.3200915463765464 10.441666666666666
2.3200915588378908 10.441666666666666
2.320091543197632 10.441666666666666
2.3200915640513102 10.441666666666666
