212.66477552897135 10.0
373.66296284179685 10.0
491.1956764485677 10.0
576.1388538085937 10.0
636.5818356119792 10.0
678.8268950846355 10.0
708.922510970052 10.0
729.7468851236979 10.0
744.8011793294271 10.0
755.2053720377604 10.0
762.4209348632812 10.0
767.6141983072916 10.0
771.215553125 10.0
773.7531329101563 10.0
775.58484921875 10.0
776.8669244140625 10.0
777.7675563476563 10.0
778.3804361653646 10.0
778.8150107747396 10.0
779.1179221354166 10.0
779.3133669921875 10.0
779.4352491536458 10.0
779.4797803385417 10.0
779.4826860677083 10.0
779.4826294596354 10.0
779.4824982747396 10.0
779.4826250651041 10.0
779.4826828776041 10.0
779.4827439453124 10.0
779.4824264973959 10.0
