0.13163281147032976 96.08166666666666
0.10585507041315238 96.85666666666667
0.15321362714320422 95.48833333333333
0.2502847680848092 94.93333333333334
0.2072699399225414 95.025
0.25267962795495985 94.16166666666666
0.2198163373793165 94.225
0.23589302864472073 93.46
0.23355301479498544 93.42833333333333
0.24074048918088278 93.11166666666666
0.26119451295733453 92.52666666666667
0.27926656546990075 91.98333333333333
0.2943563389658928 91.45666666666666
0.3053143771131833 90.99666666666667
0.3142335927883784 90.605
0.3222352201064428 90.35
0.3289388290802638 90.13833333333334
0.33331673301855724 89.96666666666667
0.3363955202102661 89.84666666666666
0.3381852886358897 89.78166666666667
0.33959427898724875 89.73833333333333
0.3404436871210734 89.71666666666667
0.34121310107707975 89.67833333333333
0.34165939585765204 89.66833333333334
0.3420008277575175 89.64833333333333
0.34226546036402383 89.64166666666667
0.34249151700139047 89.63333333333334
0.34272415115435917 89.62
0.34288818388779957 89.61
0.3429901415785154 89.60833333333333
