2.3097382058461506 7.296666666666667
2.309738213221232 7.296666666666667
2.3097381996154787 7.296666666666667
2.309738213475545 7.296666666666667
2.3097382007598877 7.296666666666667
2.3097382022857667 7.296666666666667
2.3097382106781006 7.296666666666667
2.309738217798869 7.296666666666667
2.3097382130940756 7.296666666666667
2.3097382073720296 7.296666666666667
2.309738204447428 7.296666666666667
2.309738202794393 7.296666666666667
2.3097382095336916 7.296666666666667
2.309738203684489 7.296666666666667
2.309738222885132 7.296666666666667
2.3097382184346515 7.296666666666667
2.3097382157643636 7.296666666666667
2.309738203303019 7.296666666666667
2.309738209279378 7.296666666666667
2.309738219833374 7.296666666666667
2.309738209660848 7.296666666666667
2.3097382088979086 7.296666666666667
2.309738217163086 7.296666666666667
2.309738200378418 7.296666666666667
2.3097382029215496 7.296666666666667
2.309738223393758 7.296666666666667
2.3097382124582926 7.296666666666667
2.3097382133483886 7.296666666666667
2.3097382031758626 7.296666666666667
2.3097382146199545 7.296666666666667
