2.3111930821736655 10.218333333333334
2.311193067804972 10.218333333333334
2.311193082300822 10.218333333333334
2.311193078740438 10.218333333333334
2.3111930854797365 10.218333333333334
2.3111930845896405 10.218333333333334
2.3111930680592856 10.218333333333334
2.3111930842081705 10.218333333333334
2.3111930704752606 10.218333333333334
2.311193081156413 10.218333333333334
2.3111930755615235 10.218333333333334
2.3111930767059325 10.218333333333334
2.3111930700937906 10.218333333333334
2.31119308535258 10.218333333333334
2.3111930658976236 10.218333333333334
2.3111930667877196 10.218333333333334
2.3111930695851646 10.218333333333334
2.3111930836995445 10.218333333333334
2.311193067550659 10.218333333333334
2.3111930709838866 10.218333333333334
2.311193080774943 10.218333333333334
2.311193074417114 10.218333333333334
2.311193068822225 10.218333333333334
2.3111930728912355 10.218333333333334
2.311193082936605 10.218333333333334
2.3111930749257406 10.218333333333334
2.311193072128296 10.218333333333334
2.3111930854797365 10.218333333333334
2.3111930797576905 10.218333333333334
2.311193083190918 10.218333333333334
