1.033377208137512 60.24666666666667
1.0293196640968323 60.54833333333333
1.0587826531092326 60.336666666666666
1.1066858793258667 60.08
1.162650091457367 59.92333333333333
1.2112727533976237 59.80833333333333
1.249456921895345 59.69166666666667
1.2806596422831218 59.605
1.3031527983029683 59.55833333333333
1.3202415152231852 59.54333333333334
1.3320708209355672 59.51833333333333
1.3412153924942016 59.49666666666667
1.3475723880767823 59.48166666666667
1.3520092473983765 59.47666666666667
1.3550844390869141 59.46333333333333
1.3573157958984374 59.458333333333336
1.3587974265416463 59.45666666666666
1.359911266899109 59.45333333333333
1.3606936491330466 59.45333333333333
1.3612448668797812 59.45
1.3616561033248902 59.45333333333333
1.3619777958552042 59.45166666666667
1.3622167648315429 59.45166666666667
1.3623952567418416 59.45166666666667
1.3625283420562744 59.45166666666667
1.362635986773173 59.45333333333333
1.362705157852173 59.455
1.362757814025879 59.45333333333333
1.3627953049023946 59.45333333333333
1.3628173016230265 59.45333333333333
