9.506763414029135e+31 31.011666666666667
1.0204909989044895e+32 31.011666666666667
1.0221067695399676e+32 31.011666666666667
1.0221455601331945e+32 31.011666666666667
1.0221455605458411e+32 31.011666666666667
1.0221455619385236e+32 31.011666666666667
1.0221455616290386e+32 31.011666666666667
1.0221455555425001e+32 31.011666666666667
1.022145559926871e+32 31.011666666666667
1.02214556480126e+32 31.011666666666667
1.022145562144847e+32 31.011666666666667
1.0221455605458411e+32 31.011666666666667
1.0221455635891104e+32 31.011666666666667
1.022145558121542e+32 31.011666666666667
1.0221455623511703e+32 31.011666666666667
1.022145566219733e+32 31.011666666666667
1.0221455610100686e+32 31.011666666666667
1.0221455592047394e+32 31.011666666666667
1.0221455582762843e+32 31.011666666666667
1.0221455603395177e+32 31.011666666666667
1.022145570862008e+32 31.011666666666667
1.0221455588436736e+32 31.011666666666667
1.0221455614227152e+32 31.011666666666667
1.0221455626090745e+32 31.011666666666667
1.0221455651881163e+32 31.011666666666667
1.0221455572446676e+32 31.011666666666667
1.0221455578636377e+32 31.011666666666667
1.0221455641049186e+32 31.011666666666667
1.0221455641564996e+32 31.011666666666667
1.0221455611648112e+32 31.011666666666667
