8.968086928968946e+29 13.52
9.28197777907639e+29 13.52
9.293592093436364e+29 13.52
9.29414997321054e+29 13.52
9.294149917196976e+29 13.52
9.294149922838631e+29 13.52
9.29414994500227e+29 13.52
9.294149937748715e+29 13.52
9.294149946211196e+29 13.52
9.294149955479628e+29 13.52
9.29414990067499e+29 13.52
9.294149973613515e+29 13.52
9.294149949837974e+29 13.52
9.294149963942108e+29 13.52
9.29414993573384e+29 13.52
9.294149868033994e+29 13.52
9.294149942181444e+29 13.52
9.294149902286892e+29 13.52
9.294149901883917e+29 13.52
9.294149917599953e+29 13.52
9.294149923241606e+29 13.52
9.294149932510037e+29 13.52
9.294149958300454e+29 13.52
9.294149950240949e+29 13.52
9.294149950240949e+29 13.52
9.294149984090872e+29 13.52
9.294149972404589e+29 13.52
9.294149932510037e+29 13.52
9.294149893824411e+29 13.52
9.294149928480285e+29 13.52
