16.900074441262085 89.00666666666666
64.64485779673258 89.005
130.691762302653 89.00833333333334
196.73252671610516 89.00666666666666
250.43503450927733 89.01166666666667
298.0427362386068 89.00666666666666
335.593662898763 89.00833333333334
363.9085081258138 89.005
383.65152051188153 89.00166666666667
399.3511907633464 89.00166666666667
409.81137156982425 89.0
417.1727357543945 89.0
422.62720388997394 89.0
426.6455656148275 89.00166666666667
429.398162512207 89.00166666666667
431.36253744710285 89.00166666666667
432.8145290161133 89.00166666666667
433.8277573730469 89.00166666666667
434.55129356282555 89.00166666666667
435.0900434244792 89.00166666666667
435.48318157755534 89.00166666666667
435.7794473063151 89.00166666666667
436.019602351888 89.00166666666667
436.2079704752604 89.00166666666667
436.36608697509763 89.00166666666667
436.49625836995443 89.00166666666667
436.6082145365397 89.00166666666667
436.698297652181 89.00166666666667
436.7682229207357 89.00166666666667
436.81093162028 89.00166666666667
