3.3453476299285887 15.906666666666666
4.104147937520345 15.318333333333333
5.141194835154216 14.145
5.716128843434651 13.971666666666666
6.851169758351644 13.276666666666667
7.272108081309001 13.178333333333333
6.94994103902181 13.601666666666667
7.2066903452555335 13.528333333333334
7.487516756947835 13.366666666666667
7.63154095102946 13.318333333333333
7.750853684488932 13.261666666666667
7.834695343017578 13.253333333333334
7.89252718633016 13.235
7.930364668273926 13.221666666666666
7.939050415802002 13.223333333333333
7.942334346516927 13.24
7.954368344879151 13.233333333333333
7.959513329823812 13.231666666666667
7.954504606628418 13.246666666666666
7.955932409667969 13.245
7.957819548034668 13.245
7.958742989095052 13.245
7.958213769022624 13.243333333333334
7.960143286132812 13.235
7.961989991251627 13.228333333333333
7.961983223724365 13.226666666666667
7.962567362213135 13.226666666666667
7.962425373077393 13.226666666666667
7.9629999501546225 13.226666666666667
7.963547737121582 13.226666666666667
