30.65312624308268 10.385
30.653126304117837 10.385
30.653126362101236 10.385
30.65312631225586 10.385
30.653126357014973 10.385
30.65312633666992 10.385
30.653126483154296 10.385
30.653126365152996 10.385
30.653126436360676 10.385
30.653126434326172 10.385
30.653126368204752 10.385
30.653126431274416 10.385
30.653126479085287 10.385
30.653126271565757 10.385
30.65312626546224 10.385
30.653126275634765 10.385
30.653126220703125 10.385
30.653126380411784 10.385
30.653126372273764 10.385
30.653126410929364 10.385
30.653126295979817 10.385
30.653126247151693 10.385
30.65312638346354 10.385
30.653126264444985 10.385
30.653126282755533 10.385
30.65312633565267 10.385
30.65312626546224 10.385
30.65312637837728 10.385
30.653126475016276 10.385
30.653126450602212 10.385
