5.286759120941162 9.501666666666667
5.286759103139241 9.501666666666667
5.28675913848877 9.501666666666667
5.28675912806193 9.501666666666667
5.286759103393555 9.501666666666667
5.286759119669596 9.501666666666667
5.286759133911133 9.501666666666667
5.286759102884928 9.501666666666667
5.286759139760335 9.501666666666667
5.286759120432536 9.501666666666667
5.2867590868632 9.501666666666667
5.286759115854899 9.501666666666667
5.286759123229981 9.501666666666667
5.286759098561605 9.501666666666667
5.286759107716878 9.501666666666667
5.286759116109212 9.501666666666667
5.286759142049154 9.501666666666667
5.286759129587809 9.501666666666667
5.286759122212728 9.501666666666667
5.28675912399292 9.501666666666667
5.286759106699626 9.501666666666667
5.286759101867676 9.501666666666667
5.286759120686849 9.501666666666667
5.286759140523275 9.501666666666667
5.286759119669596 9.501666666666667
5.286759117380778 9.501666666666667
5.286759141794841 9.501666666666667
5.28675909093221 9.501666666666667
5.286759121958415 9.501666666666667
5.286759091186523 9.501666666666667
