0.20455800139506658 94.05333333333333
0.19229374324878057 94.76666666666667
0.1919085728565852 94.84
0.1919085734208425 94.84
0.1919085727930069 94.84
0.19190857195059458 94.84
0.19190857243537904 94.84
0.19190857231616973 94.84
0.19190857257843016 94.84
0.1919085727930069 94.84
0.19190857235590617 94.84
0.1919085732102394 94.84
0.1919085729320844 94.84
0.19190857387781143 94.84
0.1919085734128952 94.84
0.19190857339700063 94.84
0.19190857181549073 94.84
0.19190857108434042 94.84
0.19190857299963635 94.84
0.19190857235193254 94.84
0.19190857288042704 94.84
0.19190857178767523 94.84
0.19190857292811075 94.84
0.1919085732380549 94.84
0.1919085719347 94.84
0.19190857347249984 94.84
0.19190857243935266 94.84
0.19190857242743176 94.84
0.19190857311089835 94.84
0.1919085727016131 94.84
