226.24910543645223 9.571666666666667
1507.427899619039 9.576666666666666
4362.970617478689 9.576666666666666
8297.577270633952 9.576666666666666
12871.205912854131 9.576666666666666
17017.984456369908 9.576666666666666
20586.180224967065 9.576666666666666
23436.832975027974 9.576666666666666
25693.514267470167 9.576666666666666
27393.336634677886 9.576666666666666
28623.06958562266 9.576666666666666
29528.771329536183 9.576666666666666
30155.415047736868 9.576666666666666
30614.143618997194 9.576666666666666
30939.69921306254 9.576666666666666
31172.47981998062 9.576666666666666
31334.189992059706 9.576666666666666
31452.557394369378 9.576666666666666
31538.024892641195 9.576666666666666
31599.13794028829 9.576666666666666
31644.28559076462 9.576666666666666
31677.875365499116 9.576666666666666
31703.596017477925 9.576666666666666
31723.068686057028 9.576666666666666
31737.714819472632 9.576666666666666
31749.39106151657 9.576666666666666
31757.613231745658 9.576666666666666
31761.855569367217 9.576666666666666
31764.145948200734 9.576666666666666
31764.560323535665 9.576666666666666
