2.312806378300985 12.201666666666666
2.312806394704183 12.201666666666666
2.312806386947632 12.201666666666666
2.312806389872233 12.201666666666666
2.3128064000447592 12.201666666666666
2.3128063874562583 12.201666666666666
2.3128063846588134 12.201666666666666
2.3128063882191974 12.201666666666666
2.3128063817342124 12.201666666666666
2.3128063921610513 12.201666666666666
2.312806390889486 12.201666666666666
2.3128063906351723 12.201666666666666
2.3128064004262288 12.201666666666666
2.312806391779582 12.201666666666666
2.3128063912709553 12.201666666666666
2.3128063892364503 12.201666666666666
2.312806381225586 12.201666666666666
2.312806395594279 12.201666666666666
2.312806382497152 12.201666666666666
2.3128063916524253 12.201666666666666
2.312806381861369 12.201666666666666
2.3128064076741537 12.201666666666666
2.3128063822428384 12.201666666666666
2.312806381479899 12.201666666666666
2.312806393178304 12.201666666666666
2.312806381861369 12.201666666666666
2.312806390508016 12.201666666666666
2.312806384277344 12.201666666666666
2.3128063775380454 12.201666666666666
2.3128063972473143 12.201666666666666
