2264174388873.3525 10.0
3588993043840596.0 10.0
1.2094739096398138e+17 10.0
8.494939091936525e+17 10.0
2.693812859701909e+18 10.0
5.497159998682708e+18 10.0
8.660943464810481e+18 10.0
1.163041713035466e+19 10.0
1.4107455480413274e+19 10.0
1.6014835491553913e+19 10.0
1.7411879308144022e+19 10.0
1.8401482452958577e+19 10.0
1.9085955923762176e+19 10.0
1.955346486204531e+19 10.0
1.9870738531154285e+19 10.0
2.0084106650860438e+19 10.0
2.0227066719581245e+19 10.0
2.0322755422143615e+19 10.0
2.03865352358727e+19 10.0
2.042910499531296e+19 10.0
2.0457397274329547e+19 10.0
2.047709687056147e+19 10.0
2.048959325473814e+19 10.0
2.049860096182065e+19 10.0
2.0502986455720608e+19 10.0
2.0505889351722295e+19 10.0
2.0505915058597356e+19 10.0
2.0505906358674952e+19 10.0
2.0505913677024346e+19 10.0
2.0505921822206484e+19 10.0
