2.324944820912679 7.998333333333333
2.324944817860921 7.998333333333333
2.324944816716512 7.998333333333333
2.3249448144276936 7.998333333333333
2.324944818242391 7.998333333333333
2.32494481976827 7.998333333333333
2.324944806162516 7.998333333333333
2.3249448156992596 7.998333333333333
2.3249448165893556 7.998333333333333
2.32494481976827 7.998333333333333
2.3249448146820066 7.998333333333333
2.324944818242391 7.998333333333333
2.3249448280334475 7.998333333333333
2.3249448201497396 7.998333333333333
2.3249448273976645 7.998333333333333
2.324944816716512 7.998333333333333
2.3249448214213055 7.998333333333333
2.324944818496704 7.998333333333333
2.32494481976827 7.998333333333333
2.3249448212941486 7.998333333333333
2.324944834645589 7.998333333333333
2.324944829559326 7.998333333333333
2.324944823074341 7.998333333333333
2.324944823328654 7.998333333333333
2.324944818242391 7.998333333333333
2.324944827524821 7.998333333333333
2.3249448135375976 7.998333333333333
2.324944836552938 7.998333333333333
2.3249448285420735 7.998333333333333
2.324944830830892 7.998333333333333
