2.32208353360494 20.543333333333333
2.3220835297902425 20.543333333333333
2.322083521016439 20.543333333333333
2.322083529917399 20.543333333333333
2.3220835189819335 20.543333333333333
2.3220835295359294 20.543333333333333
2.3220835286458335 20.543333333333333
2.322083515294393 20.543333333333333
2.322083527882894 20.543333333333333
2.3220835244496665 20.543333333333333
2.322083537419637 20.543333333333333
2.322083502960205 20.543333333333333
2.3220835319519044 20.543333333333333
2.3220835222880045 20.543333333333333
2.3220835255940755 20.543333333333333
2.32208352839152 20.543333333333333
2.3220835277557375 20.543333333333333
2.322083519999186 20.543333333333333
2.3220835262298585 20.543333333333333
2.322083529027303 20.543333333333333
2.3220835202534995 20.543333333333333
2.322083529663086 20.543333333333333
2.322083522415161 20.543333333333333
2.322083532587687 20.543333333333333
2.322083535893758 20.543333333333333
2.3220835292816164 20.543333333333333
2.322083532587687 20.543333333333333
2.322083516184489 20.543333333333333
2.3220835114796956 20.543333333333333
2.322083525212606 20.543333333333333
