0.15826746998230617 95.145
0.11315616589983304 96.32
0.0715558358301719 97.89
0.0617367716088891 98.06833333333333
0.06122585579926769 98.07166666666667
0.06110751190185547 98.07333333333334
0.061089625268181166 98.06833333333333
0.06110295858768126 98.06833333333333
0.061108418422130245 98.06666666666666
0.061112401706228656 98.06666666666666
0.06111027508862316 98.07333333333334
0.061116360394780835 98.07333333333334
0.06111694643565764 98.07333333333334
0.061119742838169136 98.07333333333334
0.06112138209628562 98.07333333333334
0.06112333558760583 98.07333333333334
0.061123327366635206 98.07333333333334
0.06112369660834471 98.07333333333334
0.061124117620227236 98.07333333333334
0.06112401125375182 98.07333333333334
0.06112404130244007 98.07333333333334
0.06112398675431808 98.07333333333334
0.06112394997564455 98.07333333333334
0.061123894141505784 98.07333333333334
0.061123857528343796 98.07333333333334
0.061123806934058666 98.07333333333334
0.061123727195461594 98.07333333333334
0.06112365596716603 98.07333333333334
0.061123594226067265 98.07333333333334
0.06112355452639361 98.07166666666667
