2.3034093185424807 13.385
2.303409327952067 13.385
2.303409331258138 13.385
2.3034093287150066 13.385
2.303409337234497 13.385
2.3034093320210776 13.385
2.3034093163808187 13.385
2.3034093196868897 13.385
2.3034093143463137 13.385
2.3034093278249106 13.385
2.3034093293507896 13.385
2.3034093265533446 13.385
2.303409336344401 13.385
2.3034093313852946 13.385
2.3034093181610107 13.385
2.3034093251546226 13.385
2.303409330368042 13.385
2.3034093296051026 13.385
2.3034093278249106 13.385
2.303409331893921 13.385
2.303409326426188 13.385
2.303409315999349 13.385
2.303409325281779 13.385
2.303409321339925 13.385
2.3034093386332195 13.385
2.303409326426188 13.385
2.303409324645996 13.385
2.3034093199412027 13.385
2.303409331003825 13.385
2.3034093388875325 13.385
