2.3043526743570966 10.096666666666666
2.3043526719411216 10.096666666666666
2.304352690887451 10.096666666666666
2.3043526865641275 10.096666666666666
2.304352684656779 10.096666666666666
2.304352691014608 10.096666666666666
2.3043526755015056 10.096666666666666
2.3043526856740315 10.096666666666666
2.304352685801188 10.096666666666666
2.3043526878356935 10.096666666666666
2.304352685546875 10.096666666666666
2.3043526893615724 10.096666666666666
2.3043526763916016 10.096666666666666
2.3043526752471926 10.096666666666666
2.304352686436971 10.096666666666666
2.304352673594157 10.096666666666666
2.3043526986440024 10.096666666666666
2.3043526916503905 10.096666666666666
2.304352677408854 10.096666666666666
2.3043526980082194 10.096666666666666
2.3043526845296225 10.096666666666666
2.304352689743042 10.096666666666666
2.3043526748657226 10.096666666666666
2.304352674484253 10.096666666666666
2.304352691523234 10.096666666666666
2.3043526944478354 10.096666666666666
2.3043526964823404 10.096666666666666
2.3043526851654055 10.096666666666666
2.304352700297038 10.096666666666666
2.3043526799519856 10.096666666666666
