0.2499545371149977 93.81
0.6184389838351557 93.76
0.9533730055842286 93.75
1.2459242250209304 93.74333333333334
1.4766134257038745 93.73166666666667
1.6553278193248875 93.72833333333334
1.79310830859319 93.72666666666667
1.8966161868231872 93.725
1.9663789397245275 93.72333333333333
2.018401475262129 93.72166666666666
2.055298420472795 93.71833333333333
2.0792577244781882 93.71833333333333
2.096351392805405 93.72
2.108766115982401 93.71833333333333
2.11664607382417 93.71833333333333
2.122590876396555 93.71666666666667
2.1265871658872566 93.71666666666667
2.1293915023139727 93.71666666666667
2.131268514553365 93.71666666666667
2.13260330144075 93.71666666666667
2.133454189375744 93.71666666666667
2.1340222231361365 93.71666666666667
2.1343362015364655 93.71666666666667
2.1345211733645986 93.71666666666667
2.1345439136727062 93.71666666666667
2.134538811476241 93.71666666666667
2.1345456684850133 93.71666666666667
2.1345403245893024 93.71666666666667
2.134528424610507 93.71666666666667
2.134528697964206 93.71666666666667
