2.4516909824371336 45.14833333333333
11.670701835123698 44.001666666666665
81.84698229573567 28.621666666666666
204.7640224609375 17.255
213.636478125 13.428333333333333
212.7448638264974 18.996666666666666
257.5686378092448 18.645
288.44922389322915 18.773333333333333
309.57439938151043 18.953333333333333
325.7445716145833 19.066666666666666
341.7814501627604 18.99
354.6072385416667 18.915
363.36902755533856 18.878333333333334
369.85774420572915 18.821666666666665
374.33497158203124 18.8
377.5864747395833 18.791666666666668
379.92962708333334 18.783333333333335
381.3011007324219 18.791666666666668
382.14419119466146 18.801666666666666
382.87280288085935 18.795
383.23518444010415 18.803333333333335
383.56956313476564 18.805
383.7768569498698 18.81
383.94314990234375 18.81
384.00932412109375 18.815
384.17417109375 18.81833333333333
384.3884957356771 18.825
384.5481035481771 18.831666666666667
384.67266826171874 18.828333333333333
384.72669295247397 18.831666666666667
