2.340725248591105 7.878333333333333
2.3407252338409426 7.878333333333333
2.3407252352396646 7.878333333333333
2.3407252332051596 7.878333333333333
2.340725242614746 7.878333333333333
2.3407252370198566 7.878333333333333
2.340725259399414 7.878333333333333
2.3407252460479735 7.878333333333333
2.3407252358754476 7.878333333333333
2.3407252539316814 7.878333333333333
2.340725237528483 7.878333333333333
2.3407252338409426 7.878333333333333
2.3407252506256104 7.878333333333333
2.3407252370198566 7.878333333333333
2.3407252415974935 7.878333333333333
2.340725242996216 7.878333333333333
2.3407252298990886 7.878333333333333
2.3407252466837565 7.878333333333333
2.34072523727417 7.878333333333333
2.340725235748291 7.878333333333333
2.3407252368927 7.878333333333333
2.3407252442677815 7.878333333333333
2.340725235112508 7.878333333333333
2.3407252395629885 7.878333333333333
2.340725225830078 7.878333333333333
2.340725239054362 7.878333333333333
2.3407252382914225 7.878333333333333
2.3407252403259275 7.878333333333333
2.340725246810913 7.878333333333333
2.34072524172465 7.878333333333333
