2.342880316925049 10.0
2.33923626759847 10.0
2.3394080861409505 10.0
2.336466370010376 10.0
2.3376412920633953 10.0
2.338103311920166 10.0
2.337814458211263 10.0
2.337825757217407 10.0
2.337851089859009 10.0
2.337795371882121 10.0
2.3375869887034098 10.0
2.3375965925852458 10.0
2.337543502553304 10.0
2.3376950316111245 10.0
2.3377024127960206 10.0
2.3376855617523193 10.0
2.3376995109558107 10.0
2.3376894723256427 10.0
2.3377048488616943 10.0
2.3377023996988933 10.0
2.3377023780822754 10.0
2.337702934773763 10.0
2.337703506596883 10.0
2.3377041629791258 10.0
2.3377040868123373 10.0
2.337703895568848 10.0
2.337703892262777 10.0
2.337704860305786 10.0
2.3377051315307615 10.0
2.3377049940745036 10.0
