16.891817212931315 33.315
30.00596566467285 33.11
42.57518260701497 32.785
52.90297703857422 32.835
60.69041970418294 32.89833333333333
66.72061178792318 32.83166666666666
71.14925181477865 32.79333333333334
74.2527892578125 32.82
76.57163916829427 32.815
78.1914383992513 32.82833333333333
79.29998579915365 32.80833333333333
80.11200181884766 32.79833333333333
80.67289413248697 32.795
81.05391572672526 32.79333333333334
81.33478307088217 32.791666666666664
81.52784778035482 32.791666666666664
81.66244973958334 32.791666666666664
81.7573262858073 32.791666666666664
81.82546681722005 32.795
81.87271274820964 32.795
81.90422445475261 32.79333333333334
81.9260710205078 32.79333333333334
81.93905029296874 32.79333333333334
81.9437139872233 32.795
81.94149299316406 32.79
81.9386961303711 32.79
81.93685727335613 32.788333333333334
81.93584007364909 32.79
81.93565306803386 32.788333333333334
81.9356330505371 32.788333333333334
