80.2531646891276 9.286666666666667
80.25316426188151 9.286666666666667
80.25316446126303 9.286666666666667
80.25316427408855 9.286666666666667
80.2531644165039 9.286666666666667
80.25316483154297 9.286666666666667
80.25316393229167 9.286666666666667
80.25316420084636 9.286666666666667
80.2531647257487 9.286666666666667
80.2531641031901 9.286666666666667
80.25316452636719 9.286666666666667
80.25316439208984 9.286666666666667
80.25316440429687 9.286666666666667
80.25316435546875 9.286666666666667
80.25316486409506 9.286666666666667
80.25316481526693 9.286666666666667
80.25316482340494 9.286666666666667
80.25316449788411 9.286666666666667
80.25316450602213 9.286666666666667
80.25316483561198 9.286666666666667
80.25316470540365 9.286666666666667
80.25316460367839 9.286666666666667
80.25316447753906 9.286666666666667
80.25316487630208 9.286666666666667
80.25316474202474 9.286666666666667
80.25316474202474 9.286666666666667
80.25316437988282 9.286666666666667
80.25316436360677 9.286666666666667
80.25316434733072 9.286666666666667
80.25316452229818 9.286666666666667
