3.126107570139567 10.061666666666667
6.242938755544027 10.051666666666666
8.118590462239583 10.045
9.712130219523113 10.046666666666667
10.952902714538574 10.046666666666667
11.951288106282552 10.041666666666666
12.640326313781738 10.036666666666667
13.160923932902017 10.035
13.540146429443359 10.03
13.83017845102946 10.03
14.035258412679037 10.03
14.184068572489421 10.03
14.28343071492513 10.03
14.366076526387532 10.03
14.412188412475587 10.03
14.432572668965658 10.03
14.462226946512859 10.03
14.478789809672037 10.03
14.494561629231772 10.03
14.502862425231934 10.03
14.509487809753418 10.03
14.513726151021322 10.03
14.514780069478354 10.03
14.514758797709147 10.03
14.514221277364095 10.03
14.513676202392578 10.03
14.513279340616862 10.03
14.513217266337076 10.03
14.513215830993653 10.03
14.513219461568196 10.03
