16.215883313496906 60.03333333333333
65.4577688273112 60.04833333333333
85.63193688557942 58.28
474.8079674153646 60.431666666666665
1850.1713526692708 60.42666666666667
3602.406231901042 60.406666666666666
5294.936880208334 60.41166666666667
6838.330710546875 60.406666666666666
8060.73635234375 60.406666666666666
8990.173302864583 60.40833333333333
9690.005196354166 60.403333333333336
10208.682719791666 60.401666666666664
10593.04755390625 60.405
10864.474442447916 60.405
11062.139279947916 60.406666666666666
11200.88341640625 60.406666666666666
11300.985280989584 60.406666666666666
11369.672076041667 60.406666666666666
11420.723048958333 60.406666666666666
11457.747015885418 60.406666666666666
11485.202244270833 60.406666666666666
11505.499615885417 60.406666666666666
11520.69424453125 60.406666666666666
11531.961952864584 60.406666666666666
11540.523295833333 60.406666666666666
11546.843534635416 60.406666666666666
11551.7647609375 60.406666666666666
11555.189039322917 60.406666666666666
11557.375520833333 60.406666666666666
11558.894739583333 60.406666666666666
