10403256.4064 12.54
452563963.9552 13.133333333333333
2218929599.2832 11.995
4916263292.1088 11.561666666666667
7413503347.0976 11.52
9211097878.801067 11.576666666666666
10382487878.0416 11.685
11096735536.469334 11.78
11529328607.232 11.858333333333333
11790476201.1648 11.916666666666666
11947162330.180267 11.946666666666667
12043778146.304 11.983333333333333
12103126473.1136 12.013333333333334
12139462143.1808 12.026666666666667
12162711008.0512 12.051666666666666
12177046639.957333 12.058333333333334
12186421164.4416 12.066666666666666
12192227218.773333 12.07
12194950532.846933 12.073333333333334
12196548414.6688 12.075
12192722146.0992 12.071666666666667
12184137495.3472 12.051666666666666
12173641903.3088 12.023333333333333
12169467950.967466 12.015
12169433959.6288 12.015
12169431149.226667 12.015
12169429354.632534 12.015
12169428597.691732 12.015
12169428519.594667 12.015
12169428503.7568 12.015
