0.5814966444651286 82.835
0.576687970606486 82.88833333333334
0.5766879724184673 82.88833333333334
0.5766879730224609 82.88833333333334
0.5766879746437072 82.88833333333334
0.5766879741191864 82.88833333333334
0.5766879727522533 82.88833333333334
0.5766879743893941 82.88833333333334
0.5766879718621571 82.88833333333334
0.5766879713058471 82.88833333333334
0.5766879744847615 82.88833333333334
0.5766879729588826 82.88833333333334
0.5766879728317261 82.88833333333334
0.5766879752794901 82.88833333333334
0.5766879739443461 82.88833333333334
0.5766879737059275 82.88833333333334
0.5766879731655121 82.88833333333334
0.5766879725138346 82.88833333333334
0.5766879743258159 82.88833333333334
0.5766879741986592 82.88833333333334
0.5766879712581634 82.88833333333334
0.5766879721005758 82.88833333333334
0.5766879731814066 82.88833333333334
0.5766879752159119 82.88833333333334
0.5766879718144735 82.88833333333334
0.5766879725615184 82.88833333333334
0.5766879717826843 82.88833333333334
0.5766879708607991 82.88833333333334
0.5766879726886749 82.88833333333334
0.5766879727681478 82.88833333333334
