6.954132500203451 9.965
6.954132502237956 9.965
6.954132510375977 9.965
6.954132493591309 9.965
6.9541325238545735 9.965
6.954132508850098 9.965
6.954132557678222 9.965
6.954132483673096 9.965
6.954132495880127 9.965
6.9541325215657555 9.965
6.954132504781088 9.965
6.95413253326416 9.965
6.9541325274149575 9.965
6.954132499186198 9.965
6.9541325185139975 9.965
6.9541325113932295 9.965
6.9541325291951495 9.965
6.9541325152079265 9.965
6.954132527923584 9.965
6.9541325182596845 9.965
6.954132533009847 9.965
6.9541325113932295 9.965
6.9541325276692705 9.965
6.954132483673096 9.965
6.954132499694825 9.965
6.9541325096130375 9.965
6.9541325220743815 9.965
6.954132481892904 9.965
6.954132497151693 9.965
6.954132549031575 9.965
