1.5695283596038818 42.461666666666666
1.6726054665883383 36.525
2.8591441771825155 29.955
2.1961789929707844 21.866666666666667
2.191902677663167 19.881666666666668
2.1993417053222655 21.801666666666666
2.216577027638753 22.008333333333333
2.221713646443685 21.968333333333334
2.2215545692443848 21.865
2.221568541208903 21.851666666666667
2.222430523045858 21.845
2.221995037206014 21.82
2.2220493970235187 21.801666666666666
2.2217589935302735 21.8
2.2216838399251304 21.80666666666667
2.2217474638621013 21.796666666666667
2.2218151986440025 21.796666666666667
2.221807521947225 21.805
2.221839883550008 21.80666666666667
2.2218152860005698 21.805
2.221828119277954 21.805
2.2218382453918455 21.80666666666667
2.221836056772868 21.808333333333334
2.221848016230265 21.808333333333334
2.221881058883667 21.808333333333334
2.2219065305074057 21.805
2.2219201540629068 21.801666666666666
2.221925630823771 21.801666666666666
2.2219319493611653 21.801666666666666
2.221929184341431 21.801666666666666
