0.29027321639011305 93.08666666666667
0.47940094647953907 92.40333333333334
0.7874668577671051 88.09
52.697240192159015 43.135
105.63319741414388 39.395
73.590561815389 38.695
8.604421524556479 41.2
2.500712187576294 23.718333333333334
2.646181966527303 22.963333333333335
2.6579897238413492 22.463333333333335
2.681876150639852 22.256666666666668
2.6822525166829427 22.121666666666666
2.708060438156128 22.158333333333335
2.714978920618693 22.116666666666667
2.7200111251831056 22.078333333333333
2.724222988382975 22.05666666666667
2.725976763534546 22.061666666666667
2.7260730354309084 22.035
2.7271568333943685 22.018333333333334
2.7293159214019775 22.02166666666667
2.730874877802531 22.033333333333335
2.731897911643982 22.035
2.7327774448394777 22.04
2.7332899702707927 22.041666666666668
2.733641048558553 22.045
2.7339354713439943 22.048333333333332
2.7340360799153647 22.046666666666667
2.7340680006663005 22.045
2.7340277210235597 22.045
2.734025450642904 22.043333333333333
