2.3105613524119057 10.0
2.310561343129476 10.0
2.3105613442738853 10.0
2.3105613524119057 10.0
2.3105613522847492 10.0
2.3105613471984863 10.0
2.3105613414764403 10.0
2.3105613367716473 10.0
2.3105613477071127 10.0
2.310561343765259 10.0
2.310561357371012 10.0
2.3105613438924153 10.0
2.310561358896891 10.0
2.3105613451639813 10.0
2.3105613693237306 10.0
2.310561346435547 10.0
2.3105613447825113 10.0
2.3105613498687743 10.0
2.310561352920532 10.0
2.3105613530476887 10.0
2.3105613441467283 10.0
2.3105613479614258 10.0
2.310561347325643 10.0
2.3105613534291587 10.0
2.3105613463083903 10.0
2.310561358261108 10.0
2.3105613519032797 10.0
2.3105613442738853 10.0
2.3105613352457683 10.0
2.3105613479614258 10.0
