2.3074649295806884 12.025
2.3074649269104004 12.025
2.3074649304707844 12.025
2.3074649319966634 12.025
2.3074649295806884 12.025
2.3074649211883544 12.025
2.3074649200439454 12.025
2.307464907582601 12.025
2.307464926783244 12.025
2.3074649266560874 12.025
2.3074649191538494 12.025
2.3074649251302084 12.025
2.307464934794108 12.025
2.3074649229685464 12.025
2.307464934794108 12.025
2.307464937845866 12.025
2.307464931233724 12.025
2.307464934921265 12.025
2.3074649253845214 12.025
2.3074649295806884 12.025
2.307464929707845 12.025
2.307464921315511 12.025
2.30746492729187 12.025
2.3074649284362794 12.025
2.307464934031169 12.025
2.307464936701457 12.025
2.307464920171102 12.025
2.3074649328867594 12.025
2.3074649260203044 12.025
2.307464926401774 12.025
