2.8399141522725424 24.11
2.393944386037191 17.433333333333334
2.848689661916097 20.293333333333333
4.6866287464141845 24.52
7.745906101989746 25.913333333333334
6.259236637624105 22.628333333333334
5.741640865834554 21.513333333333332
5.548370440165201 20.873333333333335
5.478791135533651 20.571666666666665
5.4732083886464435 20.481666666666666
5.44590506884257 20.363333333333333
5.429337104225159 20.25
5.415158102607727 20.168333333333333
5.405614381027221 20.095
5.401976616160075 20.058333333333334
5.390439442062378 20.02
5.386392145156861 20.001666666666665
5.384895931879679 19.983333333333334
5.384619729995728 19.973333333333333
5.384790729268392 19.973333333333333
5.384580897521973 19.961666666666666
5.384324144999186 19.956666666666667
5.385010399754842 19.951666666666668
5.385477784601847 19.951666666666668
5.387030372365316 19.951666666666668
5.388148590596517 19.951666666666668
5.388701865259806 19.946666666666665
5.389100510915121 19.946666666666665
5.389327412923177 19.948333333333334
5.38937073059082 19.948333333333334
