2.3169900437672935 7.361666666666666
2.316990043004354 7.361666666666666
2.316990035756429 7.361666666666666
2.316990056101481 7.361666666666666
2.3169900394439695 7.361666666666666
2.3169900390625 7.361666666666666
2.3169900290171306 7.361666666666666
2.3169900557200114 7.361666666666666
2.316990046310425 7.361666666666666
2.3169900515238444 7.361666666666666
2.316990051905314 7.361666666666666
2.3169900460561115 7.361666666666666
2.316990046819051 7.361666666666666
2.316990057373047 7.361666666666666
2.316990048090617 7.361666666666666
2.316990058644613 7.361666666666666
2.316990046819051 7.361666666666666
2.3169900499979654 7.361666666666666
2.3169900362650555 7.361666666666666
2.3169900488535564 7.361666666666666
2.316990062204997 7.361666666666666
2.316990054321289 7.361666666666666
2.316990047836304 7.361666666666666
2.3169900493621824 7.361666666666666
2.316990049235026 7.361666666666666
2.316990056228638 7.361666666666666
2.3169900386810305 7.361666666666666
2.31699004389445 7.361666666666666
2.316990052541097 7.361666666666666
2.3169900433858235 7.361666666666666
