0.5665384304205576 80.23
0.632921788628896 77.405
0.7051700660387675 73.24
0.8387551236788432 72.73
9.065230945078532 69.95
2.083357139968872 29.535
2.2021357922871907 18.683333333333334
2.2841735301971435 18.763333333333332
2.329831321589152 17.505
2.3361191246032713 17.805
2.387726341501872 17.64666666666667
2.437043444442749 17.323333333333334
2.4708310695648192 17.061666666666667
2.492604146194458 16.823333333333334
2.504497253672282 16.678333333333335
2.5119179721832277 16.61
2.516435449473063 16.555
2.519441817474365 16.501666666666665
2.5214647656758626 16.476666666666667
2.5226717712402342 16.456666666666667
2.523559191131592 16.448333333333334
2.524109004720052 16.445
2.5242409348805745 16.446666666666665
2.5237544818878175 16.441666666666666
2.5232833003997803 16.44
2.5229885153452556 16.44
2.522816603978475 16.436666666666667
2.5227727007548015 16.435
2.522838282775879 16.433333333333334
2.522907434082031 16.43166666666667
