2.314867266337077 10.0
2.3051178007761637 10.0
2.305472869873047 10.0
2.305364013544718 10.0
2.30551595509847 10.0
2.3054058654785154 10.0
2.305388208389282 10.0
2.3053528465270996 10.0
2.305352844874064 10.0
2.3053999530792235 10.0
2.3053920164744057 10.0
2.3054151242574057 10.0
2.305388779067993 10.0
2.305403791554769 10.0
2.305405048751831 10.0
2.305403159459432 10.0
2.305403942489624 10.0
2.305403641382853 10.0
2.3054044761657715 10.0
2.3054049419403078 10.0
2.3054045794169107 10.0
2.305404615020752 10.0
2.305403995259603 10.0
2.305403651046753 10.0
2.305403452301025 10.0
2.3054034711201985 10.0
2.3054037782033285 10.0
2.3054036844889323 10.0
2.3054039297739664 10.0
2.305404034805298 10.0
