1.2503707428019889e+32 12.778333333333334
1.5685059741889107e+32 12.756666666666666
1.624635142298119e+32 12.686666666666667
1.6340132048295784e+32 12.67
1.6357576974503773e+32 12.666666666666666
1.6360786924140373e+32 12.665
1.6360783037008652e+32 12.665
1.6360783045261585e+32 12.665
1.6360782998838833e+32 12.665
1.6360783041135117e+32 12.665
1.6360783079820742e+32 12.665
1.6360782998838833e+32 12.665
1.6360783048356433e+32 12.665
1.6360783075178467e+32 12.665
1.636078300606015e+32 12.665
1.636078295654255e+32 12.665
1.6360783054546134e+32 12.665
1.636078302462925e+32 12.665
1.6360783053514518e+32 12.665
1.636078312469607e+32 12.665
1.636078308033655e+32 12.665
1.6360783062799066e+32 12.665
1.6360782976143267e+32 12.665
1.6360783035461226e+32 12.665
1.6360783038040268e+32 12.665
1.636078301276566e+32 12.665
1.636078306176745e+32 12.665
1.6360783073631045e+32 12.665
1.6360783111285054e+32 12.665
1.6360783094779185e+32 12.665
