2.8042971307118734 9.918333333333333
2.8042971192677815 9.918333333333333
2.8042971220652264 9.918333333333333
2.8042971181233725 9.918333333333333
2.804297115198771 9.918333333333333
2.8042971216837564 9.918333333333333
2.804297131093343 9.918333333333333
2.8042971201578775 9.918333333333333
2.804297125752767 9.918333333333333
2.804297114054362 9.918333333333333
2.804297129058838 9.918333333333333
2.8042971282958984 9.918333333333333
2.8042971121470135 9.918333333333333
2.804297117614746 9.918333333333333
2.8042971181233725 9.918333333333333
2.80429711227417 9.918333333333333
2.8042971300760904 9.918333333333333
2.8042971163431805 9.918333333333333
2.8042971211751304 9.918333333333333
2.8042971139272055 9.918333333333333
2.8042971150716145 9.918333333333333
2.804297115198771 9.918333333333333
2.804297115198771 9.918333333333333
2.8042971150716145 9.918333333333333
2.804297130203247 9.918333333333333
2.8042971192677815 9.918333333333333
2.8042971225738524 9.918333333333333
2.8042971186319985 9.918333333333333
2.8042971135457355 9.918333333333333
2.8042971112569175 9.918333333333333
