1.1377925638198854 56.15833333333333
2.2151118286132814 22.77
2.317190486399333 20.881666666666668
2.238251100285848 23.206666666666667
2.3639323308308917 23.101666666666667
2.375010434214274 23.585
2.428500254948934 23.366666666666667
2.4965276891708372 22.825
2.5143871470133465 22.796666666666667
2.5123525356292724 22.93
2.514694482421875 22.975
2.5289140970865884 22.875
2.532883800633748 22.85
2.536579879506429 22.841666666666665
2.5369013520558674 22.86
2.5377549858093262 22.875
2.5362634086608886 22.906666666666666
2.535790250142415 22.9
2.535788268915812 22.908333333333335
2.535791837310791 22.903333333333332
2.5359096523284914 22.901666666666667
2.535897392018636 22.903333333333332
2.5359798350016276 22.901666666666667
2.5361004659016926 22.903333333333332
2.5363004519144696 22.903333333333332
2.5368612923940024 22.89666666666667
2.5372453329722084 22.905
2.537535348765055 22.903333333333332
2.537722305806478 22.895
2.5377772591908774 22.895
