10.616245957438151 5.703333333333333
10.616245959981283 5.703333333333333
10.616245956929525 5.703333333333333
10.61624596455892 5.703333333333333
10.616245911661784 5.703333333333333
10.61624596455892 5.703333333333333
10.616245922851563 5.703333333333333
10.616246001180013 5.703333333333333
10.616245967102051 5.703333333333333
10.61624600016276 5.703333333333333
10.616245959981283 5.703333333333333
10.616245951334635 5.703333333333333
10.616245957438151 5.703333333333333
10.616245975748697 5.703333333333333
10.616245963033041 5.703333333333333
10.616245965067545 5.703333333333333
10.616245950317383 5.703333333333333
10.616246050008138 5.703333333333333
10.616245967610677 5.703333333333333
10.616245979817709 5.703333333333333
10.616245978800455 5.703333333333333
10.616246018473307 5.703333333333333
10.616245982869467 5.703333333333333
10.616245992533367 5.703333333333333
10.61624593556722 5.703333333333333
10.616245971679687 5.703333333333333
10.616246007283529 5.703333333333333
10.616246040344238 5.703333333333333
10.61624598642985 5.703333333333333
10.616246001180013 5.703333333333333
