2.3037852887471515 9.428333333333333
2.303785280609131 9.428333333333333
2.3037852882385255 9.428333333333333
2.3037852929433185 9.428333333333333
2.303785288111369 9.428333333333333
2.3037852930704754 9.428333333333333
2.3037852867126465 9.428333333333333
2.30378529103597 9.428333333333333
2.303785300445557 9.428333333333333
2.303785279719035 9.428333333333333
2.3037852882385255 9.428333333333333
2.3037852801005045 9.428333333333333
2.3037852812449136 9.428333333333333
2.303785295613607 9.428333333333333
2.303785297902425 9.428333333333333
2.3037852906545004 9.428333333333333
2.303785283279419 9.428333333333333
2.303785292816162 9.428333333333333
2.3037852897644044 9.428333333333333
2.3037853070576984 9.428333333333333
2.303785290145874 9.428333333333333
2.30378529103597 9.428333333333333
2.303785284169515 9.428333333333333
2.3037853032430013 9.428333333333333
2.3037852909088135 9.428333333333333
2.303785289510091 9.428333333333333
2.3037852962493894 9.428333333333333
2.3037852942148844 9.428333333333333
2.303785289891561 9.428333333333333
2.303785296122233 9.428333333333333
