2.3099037621816 10.093333333333334
2.3099037347157796 10.093333333333334
2.3099037391662596 10.093333333333334
2.3099037525177004 10.093333333333334
2.30990374806722 10.093333333333334
2.3099037389119466 10.093333333333334
2.309903751118978 10.093333333333334
2.309903748703003 10.093333333333334
2.3099037401835125 10.093333333333334
2.3099037481943765 10.093333333333334
2.309903750483195 10.093333333333334
2.309903751373291 10.093333333333334
2.3099037464141845 10.093333333333334
2.3099037434895835 10.093333333333334
2.30990373395284 10.093333333333334
2.309903733062744 10.093333333333334
2.3099037609100344 10.093333333333334
2.309903740564982 10.093333333333334
2.3099037584940594 10.093333333333334
2.3099037425994875 10.093333333333334
2.309903750483195 10.093333333333334
2.309903755823771 10.093333333333334
2.3099037488301595 10.093333333333334
2.309903746032715 10.093333333333334
2.3099037503560385 10.093333333333334
2.309903760655721 10.093333333333334
2.309903757985433 10.093333333333334
2.309903747812907 10.093333333333334
2.309903740564982 10.093333333333334
2.309903746032715 10.093333333333334
