2.347078567759196 9.035
2.347078563944499 9.035
2.3470785771687828 9.035
2.34707857615153 9.035
2.347078574371338 9.035
2.347078570429484 9.035
2.3470785753885903 9.035
2.3470785636901854 9.035
2.347078559366862 9.035
2.347078574371338 9.035
2.34707856725057 9.035
2.34707856725057 9.035
2.3470785682678224 9.035
2.347078574371338 9.035
2.347078586578369 9.035
2.3470785654703774 9.035
2.3470785661061604 9.035
2.347078574371338 9.035
2.3470785835266113 9.035
2.3470785588582355 9.035
2.34707857615153 9.035
2.347078564453125 9.035
2.3470785654703774 9.035
2.3470785668691 9.035
2.3470785689036053 9.035
2.347078573226929 9.035
2.347078571955363 9.035
2.3470785775502523 9.035
2.3470785727183023 9.035
2.3470785813649497 9.035
