1.956018434460958 25.811666666666667
1.956018437131246 25.811666666666667
1.956018435160319 25.811666666666667
1.9560184313456217 25.811666666666667
1.9560184305826822 25.811666666666667
1.9560184329986572 25.811666666666667
1.9560184284210205 25.811666666666667
1.956018432935079 25.811666666666667
1.956018434270223 25.811666666666667
1.9560184319178264 25.811666666666667
1.9560184228261313 25.811666666666667
1.9560184377034506 25.811666666666667
1.9560184260686238 25.811666666666667
1.9560184363683064 25.811666666666667
1.956018431854248 25.811666666666667
1.9560184339523314 25.811666666666667
1.9560184426625569 25.811666666666667
1.9560184425354004 25.811666666666667
1.95601843401591 25.811666666666667
1.956018430074056 25.811666666666667
1.956018442026774 25.811666666666667
1.9560184239705403 25.811666666666667
1.9560184336344402 25.811666666666667
1.9560184295018515 25.811666666666667
1.9560184364318847 25.811666666666667
1.9560184319814047 25.811666666666667
1.9560184319814047 25.811666666666667
1.9560184412638346 25.811666666666667
1.9560184228261313 25.811666666666667
1.9560184343973797 25.811666666666667
