5.896836950302124 72.4
14.385988979593913 72.32666666666667
21.876357748413085 72.27
27.904217706298827 72.26333333333334
32.0905397837321 72.26
35.37962672729492 72.24333333333334
37.60954966583252 72.25666666666666
39.10278898620606 72.25833333333334
40.26421319173177 72.26666666666667
41.0189629486084 72.26666666666667
41.528853997802734 72.265
41.91582250823975 72.26166666666667
42.20235107014974 72.26333333333334
42.40460876312256 72.265
42.53387248738607 72.26666666666667
42.628151217142744 72.26666666666667
42.69548887125651 72.26666666666667
42.74871749928792 72.265
42.7881063079834 72.265
42.81407744750977 72.265
42.83518971964518 72.265
42.85024938405355 72.265
42.86358298339844 72.265
42.87367636006673 72.265
42.881675973510745 72.265
42.88813094685872 72.265
42.89322250061035 72.265
42.89689537963867 72.265
42.89929611511231 72.265
42.9008367574056 72.265
