0.18825558229287465 94.73666666666666
0.18812448983192445 94.835
0.18309868768056234 95.025
0.18309868686596553 95.025
0.18309868703285853 95.025
0.18309868821700415 95.025
0.18309868669509888 95.025
0.18309868737856547 95.025
0.18309868773619334 95.025
0.1830986877123515 95.025
0.18309868743022284 95.025
0.18309868816137315 95.025
0.18309868731498719 95.025
0.18309868717193603 95.025
0.18309868747790656 95.025
0.18309868788321812 95.025
0.18309868750969568 95.025
0.183098687740167 95.025
0.18309868657986322 95.025
0.18309868777592977 95.025
0.18309868722756703 95.025
0.18309868888457617 95.025
0.18309868757724762 95.025
0.18309868794282277 95.025
0.18309868731498719 95.025
0.1830986878077189 95.025
0.1830986874183019 95.025
0.18309868753353756 95.025
0.18309868801434834 95.025
0.18309868760108947 95.025
