10968.7444 10.053333333333333
17573.3153375 10.036666666666667
22650.769610416668 10.035
26256.555521875 10.026666666666667
28842.988583333332 10.025
30755.788501041665 10.021666666666667
32025.837895833334 10.021666666666667
32918.15160104167 10.021666666666667
33474.68563958333 10.021666666666667
33870.32164583333 10.02
34128.97065833333 10.02
34331.064625 10.02
34444.51941458333 10.02
34525.687928125 10.018333333333333
34579.86421666667 10.018333333333333
34614.843708333334 10.018333333333333
34640.12167083333 10.018333333333333
34660.50041458333 10.018333333333333
34673.092472916665 10.018333333333333
34679.022425 10.018333333333333
34679.867625 10.018333333333333
34681.37594479167 10.02
34681.56693958333 10.02
34681.569275 10.02
34681.56955625 10.02
34681.56334375 10.02
34681.564041666665 10.02
34681.568608333335 10.02
34681.567489583336 10.02
34681.567721875 10.02
