2.308264019902547 8.548333333333334
2.3082640408833823 8.548333333333334
2.308264033126831 8.548333333333334
2.3082640177408855 8.548333333333334
2.308264026514689 8.548333333333334
2.3082640300750734 8.548333333333334
2.3082640327453614 8.548333333333334
2.308264019012451 8.548333333333334
2.308264034016927 8.548333333333334
2.3082640369415284 8.548333333333334
2.3082640314737954 8.548333333333334
2.3082640150705975 8.548333333333334
2.308264024734497 8.548333333333334
2.3082640213012695 8.548333333333334
2.30826402498881 8.548333333333334
2.308264014180501 8.548333333333334
2.3082640291849774 8.548333333333334
2.3082640179951985 8.548333333333334
2.3082640144348145 8.548333333333334
2.308264015452067 8.548333333333334
2.308264028422038 8.548333333333334
2.308264016596476 8.548333333333334
2.3082640224456785 8.548333333333334
2.3082640267690024 8.548333333333334
2.3082640309651694 8.548333333333334
2.3082640281677245 8.548333333333334
2.3082640347798664 8.548333333333334
2.308264025115967 8.548333333333334
2.30826403020223 8.548333333333334
2.308264028676351 8.548333333333334
