2.3399004567464194 10.0
2.339900448989868 10.0
2.3399004473368326 10.0
2.339900439453125 10.0
2.33990044148763 10.0
2.339900430170695 10.0
2.339900448481242 10.0
2.339900446573893 10.0
2.339900444285075 10.0
2.339900452041626 10.0
2.339900446065267 10.0
2.339900450897217 10.0
2.3399004477183025 10.0
2.339900438181559 10.0
2.339900453821818 10.0
2.339900439453125 10.0
2.3399004425048826 10.0
2.3399004455566406 10.0
2.3399004587809245 10.0
2.339900433985392 10.0
2.3399004440307616 10.0
2.339900451405843 10.0
2.3399004483540855 10.0
2.339900431060791 10.0
2.339900440979004 10.0
2.3399004393259686 10.0
2.339900444793701 10.0
2.339900447845459 10.0
2.3399004428863526 10.0
2.339900454203288 10.0
