2.312274310429891 9.62
2.312274321746826 9.62
2.3122743207295735 9.62
2.312274315516154 9.62
2.3122742994944256 9.62
2.312274319966634 9.62
2.312274318822225 9.62
2.3122743039449056 9.62
2.3122743204752605 9.62
2.312274304453532 9.62
2.3122743054707846 9.62
2.3122743092854816 9.62
2.312274304072062 9.62
2.312274308904012 9.62
2.3122743171691895 9.62
2.3122743132273356 9.62
2.3122743267059325 9.62
2.312274315261841 9.62
2.3122743295033774 9.62
2.312274311319987 9.62
2.312274312210083 9.62
2.3122743057250976 9.62
2.312274323654175 9.62
2.3122743125915526 9.62
2.312274329249064 9.62
2.312274318440755 9.62
2.3122743120829266 9.62
2.31227430712382 9.62
2.312274315261841 9.62
2.3122743092854816 9.62
