1.256349595006307 46.265
1.2499405825932821 49.89
1.249940578142802 49.89
1.249940576807658 49.89
1.2499405831019084 49.89
1.2499405835469564 49.89
1.2499405755360922 49.89
1.2499405707041422 49.89
1.2499405780792237 49.89
1.2499405753453572 49.89
1.2499405774434407 49.89
1.249940579032898 49.89
1.249940577252706 49.89
1.2499405815124511 49.89
1.2499405740737914 49.89
1.2499405732472737 49.89
1.2499405753453572 49.89
1.2499405777613322 49.89
1.2499405755996704 49.89
1.2499405752182007 49.89
1.2499405814488729 49.89
1.2499405784606934 49.89
1.249940575472514 49.89
1.2499405786514282 49.89
1.249940570640564 49.89
1.2499405789057414 49.89
1.24994057636261 49.89
1.2499405734380087 49.89
1.24994057636261 49.89
1.2499405841827393 49.89
