4.044108726755778 9.713333333333333
4.044108726247152 9.713333333333333
4.04410873336792 9.713333333333333
4.044108717219035 9.713333333333333
4.044108725865682 9.713333333333333
4.044108719126384 9.713333333333333
4.044108712768555 9.713333333333333
4.044108720397949 9.713333333333333
4.044108724339803 9.713333333333333
4.04410873896281 9.713333333333333
4.044108746210734 9.713333333333333
4.044108721796672 9.713333333333333
4.044108717091878 9.713333333333333
4.044108726755778 9.713333333333333
4.04410871442159 9.713333333333333
4.04410872370402 9.713333333333333
4.044108727645874 9.713333333333333
4.044108736673991 9.713333333333333
4.044108729171753 9.713333333333333
4.044108715311686 9.713333333333333
4.044108730570475 9.713333333333333
4.044108725738526 9.713333333333333
4.044108725229899 9.713333333333333
4.044108722686768 9.713333333333333
4.044108723449707 9.713333333333333
4.044108724212647 9.713333333333333
4.044108725484212 9.713333333333333
4.044108724212647 9.713333333333333
4.044108702596029 9.713333333333333
4.044108725992839 9.713333333333333
