408.1007425902049 10.466666666666667
611.5645352092743 9.906666666666666
757.5799370745341 9.906666666666666
882.9437251124065 10.47
971.9920932801565 10.47
1050.049939436976 9.906666666666666
1105.784864077886 9.906666666666666
1147.1071168679555 10.47
1171.367440984726 10.47
1191.5622331881204 10.47
1206.094204831314 10.468333333333334
1215.5971312049867 10.468333333333334
1222.1702675403594 10.468333333333334
1227.6899898029328 10.468333333333334
1231.4839460600535 10.468333333333334
1234.075945677948 10.468333333333334
1235.8241851201376 10.468333333333334
1237.0391112828572 10.468333333333334
1237.7887770837149 10.468333333333334
1238.3874424435933 10.468333333333334
1238.759630082067 10.468333333333334
1239.041163715617 10.468333333333334
1239.213976518758 10.468333333333334
1239.2924438752493 10.468333333333334
1239.150605644226 10.468333333333334
1239.1050600367228 10.468333333333334
1239.2510047973633 10.468333333333334
1239.2560138120016 10.468333333333334
1239.2536733220418 10.468333333333334
1239.2612431940715 10.468333333333334
