0.7944645472049713 78.71166666666667
1.159451614220937 78.68333333333334
3.420044684950511 78.37
9.344128112157186 78.29666666666667
15.565712109120687 78.26
20.92710398203532 78.25
25.397190537261963 78.23833333333333
28.898995702616375 78.22666666666667
31.397937321472167 78.22166666666666
33.22744489796956 78.22166666666666
34.5369244237264 78.21333333333334
35.4759036239624 78.21166666666667
36.166565123494465 78.21166666666667
36.629060887654624 78.21166666666667
36.968859087371825 78.21333333333334
37.20293294270834 78.21333333333334
37.36534267514547 78.21333333333334
37.476989509582516 78.21333333333334
37.55556573689778 78.21333333333334
37.609156742858886 78.21333333333334
37.64548410898844 78.21333333333334
37.67013922831217 78.21333333333334
37.685877827453616 78.21333333333334
37.69495326487223 78.21333333333334
37.69954238840739 78.21333333333334
37.700848416392006 78.21333333333334
37.70081982828776 78.21333333333334
37.700830556488036 78.21333333333334
37.700822943115234 78.21333333333334
37.70082713724772 78.21333333333334
