1.6607245535532633 44.763333333333335
2.006911290105184 41.95
1.8889718634923298 43.03
1.8848282396952312 43.346666666666664
1.8959520730336508 43.08
1.8865268854141235 43.24666666666667
1.8878919480641683 43.29666666666667
1.8864589941660563 43.31666666666667
1.8817661142985027 43.32333333333333
1.8817294913609823 43.34
1.8823701179504395 43.32666666666667
1.8834567117055256 43.321666666666665
1.8836514770507813 43.325
1.883098729832967 43.325
1.883333679262797 43.321666666666665
1.8834931356430054 43.32
1.8835182829538981 43.321666666666665
1.88362812722524 43.32
1.8836627848943075 43.321666666666665
1.8836031668345135 43.32
1.8835921438852945 43.321666666666665
1.883561928685506 43.321666666666665
1.883499866358439 43.32333333333333
1.8833765207926432 43.32833333333333
1.8831656380971273 43.32833333333333
1.8830028380711874 43.33
1.8828869319279988 43.336666666666666
1.882808872350057 43.336666666666666
1.882759312057495 43.336666666666666
1.882737416712443 43.336666666666666
