3.3368549213409424 10.891666666666667
3.3368549204508464 10.891666666666667
3.336854905573527 10.891666666666667
3.3368549162546794 10.891666666666667
3.336854925028483 10.891666666666667
3.3368549092610675 10.891666666666667
3.3368549072265625 10.891666666666667
3.336854899215698 10.891666666666667
3.3368549255371094 10.891666666666667
3.336854920832316 10.891666666666667
3.336854929351807 10.891666666666667
3.336854918797811 10.891666666666667
3.336854920578003 10.891666666666667
3.336854932022095 10.891666666666667
3.3368549176534015 10.891666666666667
3.336854914855957 10.891666666666667
3.3368549219767254 10.891666666666667
3.336854911804199 10.891666666666667
3.3368549270629884 10.891666666666667
3.3368549266815184 10.891666666666667
3.3368549132029215 10.891666666666667
3.336854913075765 10.891666666666667
3.336854928334554 10.891666666666667
3.336854918416341 10.891666666666667
3.336854930241903 10.891666666666667
3.3368549404144288 10.891666666666667
3.336854913711548 10.891666666666667
3.336854913075765 10.891666666666667
3.33685492032369 10.891666666666667
3.3368549081166585 10.891666666666667
