2.6361213038126627 9.09
2.6361213194529216 9.09
2.636121322250366 9.09
2.636121331532796 9.09
2.6361213050842287 9.09
2.636121312967936 9.09
2.6361213278452555 9.09
2.6361213003794353 9.09
2.636121333058675 9.09
2.6361213106791177 9.09
2.636121311823527 9.09
2.6361213308970135 9.09
2.63612132174174 9.09
2.6361213047027587 9.09
2.6361213223775226 9.09
2.636121313349406 9.09
2.636121305211385 9.09
2.6361213054656982 9.09
2.636121315129598 9.09
2.6361213064829507 9.09
2.6361213256835936 9.09
2.636121311187744 9.09
2.636121293004354 9.09
2.6361213125864666 9.09
2.6361213137308757 9.09
2.636121306991577 9.09
2.6361213113149007 9.09
2.636121315129598 9.09
2.6361213203430176 9.09
2.63612132174174 9.09
