1.1457736830087705e+29 15.803333333333333
1.1894727041593854e+29 15.796666666666667
1.191709068026309e+29 15.796666666666667
1.191830758146708e+29 15.796666666666667
1.1918307580459643e+29 15.796666666666667
1.1918307644935686e+29 15.796666666666667
1.1918307565851788e+29 15.796666666666667
1.191830749835343e+29 15.796666666666667
1.1918307549229058e+29 15.796666666666667
1.1918307521524509e+29 15.796666666666667
1.1918307577437328e+29 15.796666666666667
1.191830752001335e+29 15.796666666666667
1.191830752001335e+29 15.796666666666667
1.1918307564340632e+29 15.796666666666667
1.1918307591037743e+29 15.796666666666667
1.1918307545703025e+29 15.796666666666667
1.1918307578444766e+29 15.796666666666667
1.1918307561318317e+29 15.796666666666667
1.1918307551243935e+29 15.796666666666667
1.1918307564340632e+29 15.796666666666667
1.1918307601615844e+29 15.796666666666667
1.1918307605645596e+29 15.796666666666667
1.1918307560814598e+29 15.796666666666667
1.191830754822162e+29 15.796666666666667
1.1918307529584014e+29 15.796666666666667
1.1918307599097248e+29 15.796666666666667
1.1918307557288565e+29 15.796666666666667
1.191830760917163e+29 15.796666666666667
1.1918307595571215e+29 15.796666666666667
1.1918307624283203e+29 15.796666666666667
