2.41391406204233e+20 18.128333333333334
4.0786986366130114e+20 18.973333333333333
4.0811136760567654e+20 18.97
4.081125401928995e+20 18.97
4.081133771775078e+20 18.97
4.081141947872551e+20 18.97
4.08114425765621e+20 18.97
4.081144248555186e+20 18.97
4.08114425972036e+20 18.97
4.08114425990801e+20 18.97
4.08114425653031e+20 18.97
4.081144272480559e+20 18.97
4.0811442723867335e+20 18.97
4.0811442509946356e+20 18.97
4.0811442755767835e+20 18.97
4.0811442509946356e+20 18.97
4.08114425221436e+20 18.97
4.0811442622536345e+20 18.97
4.0811442636610096e+20 18.97
4.08114426234746e+20 18.97
4.081144280174208e+20 18.97
4.081144256248835e+20 18.97
4.0811442548414605e+20 18.97
4.0811442505255105e+20 18.97
4.081144266944884e+20 18.97
4.08114425709326e+20 18.97
4.0811442299778374e+20 18.97
4.08114425690561e+20 18.97
4.081144266006634e+20 18.97
4.081144246866336e+20 18.97
