0.7233158811569214 74.26333333333334
0.6851046897252401 74.68833333333333
0.6843501128514607 75.05666666666667
0.6851688112576803 75.05666666666667
0.68516881052653 75.05666666666667
0.6851688092867534 75.05666666666667
0.6851688115596771 75.05666666666667
0.6851688094139099 75.05666666666667
0.6851688106218974 75.05666666666667
0.6851688127199809 75.05666666666667
0.6851688073158264 75.05666666666667
0.6851688104311625 75.05666666666667
0.6851688091595968 75.05666666666667
0.6851688090960185 75.05666666666667
0.6851688072522482 75.05666666666667
0.6851688098748525 75.05666666666667
0.6851688099861145 75.05666666666667
0.6851688090960185 75.05666666666667
0.6851688095092774 75.05666666666667
0.6851688141187032 75.05666666666667
0.685168809445699 75.05666666666667
0.6851688079198202 75.05666666666667
0.6851688086827596 75.05666666666667
0.6851688088417053 75.05666666666667
0.6851688080151875 75.05666666666667
0.6851688103040059 75.05666666666667
0.6851688068707784 75.05666666666667
0.6851688106218974 75.05666666666667
0.6851688091278076 75.05666666666667
0.68516881108284 75.05666666666667
