2.305358072280884 10.441666666666666
2.305358086268107 10.441666666666666
2.3053580795288084 10.441666666666666
2.305358086268107 10.441666666666666
2.305358088429769 10.441666666666666
2.3053580766042074 10.441666666666666
2.305358084869385 10.441666666666666
2.305358088811239 10.441666666666666
2.3053580774943034 10.441666666666666
2.3053580856323244 10.441666666666666
2.3053580832163494 10.441666666666666
2.3053580819447834 10.441666666666666
2.3053580883026124 10.441666666666666
2.305358071899414 10.441666666666666
2.30535807762146 10.441666666666666
2.305358068974813 10.441666666666666
2.305358079401652 10.441666666666666
2.3053580871582033 10.441666666666666
2.305358088811239 10.441666666666666
2.305358077875773 10.441666666666666
2.305358085123698 10.441666666666666
2.305358076095581 10.441666666666666
2.305358096822103 10.441666666666666
2.3053580865224204 10.441666666666666
2.305358083089193 10.441666666666666
2.3053580717722575 10.441666666666666
2.305358078511556 10.441666666666666
2.3053580805460614 10.441666666666666
2.3053580762227375 10.441666666666666
2.305358078257243 10.441666666666666
