2.313547958755493 11.956666666666667
2.3135479550679525 11.956666666666667
2.3135479438781736 11.956666666666667
2.313547949473063 11.956666666666667
2.313547955576579 11.956666666666667
2.3135479637145995 11.956666666666667
2.313547950108846 11.956666666666667
2.313547970453898 11.956666666666667
2.313547960662842 11.956666666666667
2.3135479632059734 11.956666666666667
2.3135479517618815 11.956666666666667
2.313547960535685 11.956666666666667
2.3135479475657146 11.956666666666667
2.3135479487101236 11.956666666666667
2.313547959136963 11.956666666666667
2.3135479420979816 11.956666666666667
2.3135479562123615 11.956666666666667
2.313547963841756 11.956666666666667
2.31354795366923 11.956666666666667
2.313547956339518 11.956666666666667
2.3135479487101236 11.956666666666667
2.3135479625701905 11.956666666666667
2.313547945531209 11.956666666666667
2.31354795366923 11.956666666666667
2.313547952270508 11.956666666666667
2.313547941335042 11.956666666666667
2.3135479643503825 11.956666666666667
2.313547972869873 11.956666666666667
2.313547948964437 11.956666666666667
2.313547965749105 11.956666666666667
