0.6439518569628397 76.49333333333334
0.5314036992073059 82.18666666666667
0.5341508016427358 82.23333333333333
0.5341508000214895 82.23333333333333
0.5341508078098297 82.23333333333333
0.5341507998466491 82.23333333333333
0.5341508011976878 82.23333333333333
0.5341508044242859 82.23333333333333
0.5341508024215699 82.23333333333333
0.5341508014837901 82.23333333333333
0.5341507992267609 82.23333333333333
0.534150803343455 82.23333333333333
0.5341508032798767 82.23333333333333
0.5341508032004039 82.23333333333333
0.5341508021513621 82.23333333333333
0.5341508025487264 82.23333333333333
0.5341508002916971 82.23333333333333
0.5341508014202118 82.23333333333333
0.5341508032480876 82.23333333333333
0.5341508013725281 82.23333333333333
0.5341508022626241 82.23333333333333
0.5341508024851481 82.23333333333333
0.534150802787145 82.23333333333333
0.5341508012771606 82.23333333333333
0.534150803343455 82.23333333333333
0.5341507992903392 82.23333333333333
0.5341508041381836 82.23333333333333
0.5341508016745249 82.23333333333333
0.5341508033116659 82.23333333333333
0.5341508021354675 82.23333333333333
