2.309919201405843 10.218333333333334
2.3099192028045654 10.218333333333334
2.309919205093384 10.218333333333334
2.3099192180633543 10.218333333333334
2.309919192504883 10.218333333333334
2.3099192157745363 10.218333333333334
2.309919205093384 10.218333333333334
2.309919200897217 10.218333333333334
2.3099192036946614 10.218333333333334
2.3099192072550454 10.218333333333334
2.309919190088908 10.218333333333334
2.309919216156006 10.218333333333334
2.3099191986083984 10.218333333333334
2.309919202677409 10.218333333333334
2.309919208653768 10.218333333333334
2.309919208399455 10.218333333333334
2.309919195429484 10.218333333333334
2.3099191908518475 10.218333333333334
2.309919220606486 10.218333333333334
2.309919198989868 10.218333333333334
2.3099192105611164 10.218333333333334
2.309919215901693 10.218333333333334
2.309919213994344 10.218333333333334
2.309919206492106 10.218333333333334
2.309919207509359 10.218333333333334
2.3099191983540854 10.218333333333334
2.309919216156006 10.218333333333334
2.3099192192077638 10.218333333333334
2.3099191908518475 10.218333333333334
2.3099192087809244 10.218333333333334
