6273.680295509847 10.108333333333333
10881.313857451376 10.108333333333333
15065.1265885437 10.106666666666667
19283.833262886557 10.106666666666667
22343.420419799804 10.106666666666667
24935.3109410319 10.106666666666667
26701.767433970133 10.106666666666667
27968.50916270345 10.106666666666667
28875.09507496745 10.106666666666667
29518.99773077189 10.106666666666667
29968.6039372701 10.106666666666667
30292.838073514813 10.106666666666667
30517.58351512858 10.106666666666667
30674.25653650716 10.106666666666667
30792.779479821776 10.106666666666667
30870.3626399292 10.106666666666667
30927.571746118163 10.106666666666667
30968.53217226359 10.106666666666667
30998.278945613605 10.106666666666667
31020.527123116048 10.106666666666667
31034.350667252605 10.106666666666667
31045.463393802896 10.106666666666667
31054.15192742513 10.106666666666667
31060.34559311727 10.106666666666667
31065.4509891744 10.106666666666667
31068.695543920898 10.106666666666667
31070.049993253582 10.106666666666667
31070.306917777507 10.106666666666667
31070.44644954427 10.106666666666667
31070.459479278565 10.106666666666667
