26.851730837504068 10.183333333333334
18.894525251261392 10.546666666666667
14.602222535451252 10.723333333333333
12.41015864944458 10.818333333333333
11.271753978474935 10.86
10.59117631924947 10.885
10.16810247891744 10.898333333333333
9.86065331586202 10.91
9.650838858540853 10.918333333333333
9.507514971033732 10.923333333333334
9.417625049845377 10.925
9.357055707041422 10.928333333333333
9.314890295283 10.93
9.284192358652751 10.93
9.261514754867553 10.93
9.248459170150756 10.93
9.238562024052937 10.93
9.231912782669067 10.93
9.226819810994467 10.931666666666667
9.223578943506876 10.931666666666667
9.221510130182901 10.931666666666667
9.217183254877726 10.931666666666667
9.20961062558492 10.931666666666667
9.19438476079305 10.931666666666667
9.179733931350707 10.931666666666667
9.168909287897746 10.931666666666667
9.16718153737386 10.931666666666667
9.167158396657308 10.931666666666667
9.167158091735839 10.931666666666667
9.16715683962504 10.931666666666667
