2.3575570240020753 12.145
2.357557028579712 12.145
2.357557018407186 12.145
2.3575570154825845 12.145
2.3575570273081463 12.145
2.357557024383545 12.145
2.35755702679952 12.145
2.3575570287068683 12.145
2.3575570050557455 12.145
2.35755702234904 12.145
2.3575570290883383 12.145
2.35755701751709 12.145
2.3575570311228433 12.145
2.3575570089975995 12.145
2.3575570257822673 12.145
2.3575570248921713 12.145
2.3575570114135744 12.145
2.357557028834025 12.145
2.357557024765015 12.145
2.3575570167541504 12.145
2.3575570158640544 12.145
2.357557021077474 12.145
2.357557015991211 12.145
2.3575570240020753 12.145
2.357557017771403 12.145
2.3575570317586263 12.145
2.3575570341746013 12.145
2.357557019933065 12.145
2.357557025019328 12.145
2.3575570426940917 12.145
