0.10014128119647503 96.98333333333333
0.07064345336953799 97.89333333333333
0.04690828865344326 98.8
0.04259456066265702 98.93333333333334
0.04039986138343811 98.96666666666667
0.039508386670177184 98.96
0.038850468512624504 98.95666666666666
0.03844098109379411 98.95833333333333
0.03817796781236927 98.95833333333333
0.0380181537029023 98.95833333333333
0.037910025264943636 98.95666666666666
0.03783227993796269 98.95666666666666
0.03778768724755695 98.95666666666666
0.037760902117937804 98.95666666666666
0.037738199973789355 98.95666666666666
0.03772247173450887 98.95666666666666
0.03771172287551065 98.95666666666666
0.03770440769406656 98.95666666666666
0.03769963880578677 98.95666666666666
0.037696230379554135 98.95666666666666
0.03769424622586618 98.95666666666666
0.03769282601152857 98.95666666666666
0.03769164553135634 98.95666666666666
0.037691014946252106 98.95666666666666
0.03769051297133168 98.95666666666666
0.037690186469381055 98.95666666666666
0.0376901861421143 98.95666666666666
0.0376901350090901 98.95666666666666
0.03769010022568206 98.95666666666666
0.037690084919705984 98.95666666666666
