2.310690189743042 9.93
2.310690188598633 9.93
2.3106901926676433 9.93
2.310690190633138 9.93
2.3106902015686037 9.93
2.3106901856740314 9.93
2.310690182622274 9.93
2.3106901913960773 9.93
2.310690182240804 9.93
2.310690192540487 9.93
2.3106901827494304 9.93
2.3106901803334554 9.93
2.3106901830037434 9.93
2.310690188598633 9.93
2.310690187708537 9.93
2.3106901944478353 9.93
2.310690191014608 9.93
2.3106901791890464 9.93
2.3106901831309 9.93
2.310690195465088 9.93
2.3106901929219563 9.93
2.310690189743042 9.93
2.3106901794433594 9.93
2.310690189488729 9.93
2.3106901931762693 9.93
2.3106901940663658 9.93
2.3106901833852134 9.93
2.310690184911092 9.93
2.3106902004241943 9.93
2.310690172068278 9.93
