0.7074062441507976 77.74833333333333
0.6011497209866842 82.27
0.5920166289011637 82.43166666666667
0.6073299691994984 81.65166666666667
0.6584291182518005 80.12833333333333
4.056355038070679 31.56
10.541489742533367 20.461666666666666
15.487487149047851 17.751666666666665
19.01806161142985 16.738333333333333
21.49081720987956 16.21
23.221316197713215 15.87
24.444553541056315 15.645
25.292042900594076 15.506666666666666
25.897522933959962 15.421666666666667
26.319354939778645 15.355
26.62117063700358 15.323333333333334
26.832244197591145 15.295
26.980760521443685 15.271666666666667
27.079922060139975 15.256666666666666
27.149928681437174 15.24
27.198863383992514 15.236666666666666
27.233778964233398 15.228333333333333
27.25784682108561 15.221666666666666
27.27467018025716 15.218333333333334
27.28682492574056 15.216666666666667
27.295437424723307 15.215
27.301353654988606 15.211666666666666
27.305491430664063 15.206666666666667
27.308468425496418 15.206666666666667
27.310560444132488 15.206666666666667
