0.21079415188233058 93.92666666666666
0.22072496752738952 93.30833333333334
0.19939635693629582 94.48833333333333
0.1993963577946027 94.48833333333333
0.19939635702371597 94.48833333333333
0.19939635666211447 94.48833333333333
0.19939635727405547 94.48833333333333
0.19939635646343232 94.48833333333333
0.19939635688066482 94.48833333333333
0.19939635648727416 94.48833333333333
0.199396357524395 94.48833333333333
0.19939635660648347 94.48833333333333
0.1993963579614957 94.48833333333333
0.19939635712305706 94.48833333333333
0.19939635763168334 94.48833333333333
0.19939635703166325 94.48833333333333
0.19939635682900747 94.48833333333333
0.19939635638395944 94.48833333333333
0.19939635558923086 94.48833333333333
0.19939635645548504 94.48833333333333
0.19939635613361995 94.48833333333333
0.1993963576833407 94.48833333333333
0.19939635694026947 94.48833333333333
0.1993963562488556 94.48833333333333
0.1993963557044665 94.48833333333333
0.1993963573495547 94.48833333333333
0.19939635651111604 94.48833333333333
0.19939635694821675 94.48833333333333
0.19939635784228643 94.48833333333333
0.1993963562210401 94.48833333333333
