2.3083484991709393 10.218333333333334
2.3083484826405845 10.218333333333334
2.308348482131958 10.218333333333334
2.3083485069274903 10.218333333333334
2.3083484967549643 10.218333333333334
2.308348496246338 10.218333333333334
2.308348489634196 10.218333333333334
2.3083484751383465 10.218333333333334
2.3083484855651855 10.218333333333334
2.308348474375407 10.218333333333334
2.3083484961191814 10.218333333333334
2.3083484769185385 10.218333333333334
2.3083484930674234 10.218333333333334
2.3083484949747723 10.218333333333334
2.308348481241862 10.218333333333334
2.308348482131958 10.218333333333334
2.308348497390747 10.218333333333334
2.3083484831492105 10.218333333333334
2.3083484765370685 10.218333333333334
2.308348491414388 10.218333333333334
2.308348490015666 10.218333333333334
2.3083484912872314 10.218333333333334
2.308348478190104 10.218333333333334
2.3083484870910644 10.218333333333334
2.308348481877645 10.218333333333334
2.308348488108317 10.218333333333334
2.308348490269979 10.218333333333334
2.3083484961191814 10.218333333333334
2.3083484958648683 10.218333333333334
2.308348486582438 10.218333333333334
