0.6799094319343567 72.98333333333333
0.591936191256841 78.78166666666667
0.5577115570386251 80.31833333333333
0.5577883427143097 80.31833333333333
0.5577883454640706 80.31833333333333
0.5577883468945821 80.31833333333333
0.5577883429845174 80.31833333333333
0.5577883432547251 80.31833333333333
0.5577883454004924 80.31833333333333
0.5577883452097575 80.31833333333333
0.5577883433659871 80.31833333333333
0.5577883427619934 80.31833333333333
0.5577883446057638 80.31833333333333
0.55778834344546 80.31833333333333
0.5577883455276489 80.31833333333333
0.5577883427302043 80.31833333333333
0.557788346862793 80.31833333333333
0.557788344891866 80.31833333333333
0.5577883431434632 80.31833333333333
0.5577883446375529 80.31833333333333
0.5577883421579997 80.31833333333333
0.5577883462429046 80.31833333333333
0.5577883432388305 80.31833333333333
0.557788344669342 80.31833333333333
0.5577883439381918 80.31833333333333
0.5577883429845174 80.31833333333333
0.5577883452415466 80.31833333333333
0.55778834288915 80.31833333333333
0.5577883412679037 80.31833333333333
0.5577883444150289 80.31833333333333
