0.9437949222564698 63.215
0.9367868765830993 62.99166666666667
0.9094895089467366 63.56666666666667
0.9530045401573182 63.185
0.9846666845321655 62.88166666666667
1.0095530221303304 62.586666666666666
1.0283964931488037 62.375
1.0416551093737285 62.25
1.050496966234843 62.145
1.0573226446787516 62.045
1.0616975326855977 61.99666666666667
1.064880751355489 61.965
1.067112507756551 61.95333333333333
1.0686773591677348 61.91833333333334
1.0698330370903015 61.9
1.0706329175949096 61.88666666666666
1.071214655939738 61.87833333333333
1.0716229268391928 61.873333333333335
1.0718869956016541 61.87166666666667
1.0720628761291504 61.87
1.0721911408742268 61.86833333333333
1.0722792570432027 61.86833333333333
1.0723270833651224 61.87
1.0723469254175821 61.87
1.0723628675142924 61.87
1.072373039786021 61.87
1.0723771458943685 61.87
1.072379208087921 61.87
1.072379290008545 61.87
1.0723792627970377 61.87
