3.3971392002423606 71.175
6.137635496775309 70.95
8.868780354944866 68.50833333333334
14.040752734375 51.968333333333334
46.667256384277344 34.04666666666667
78.9506482849121 36.67166666666667
97.53830063476562 38.02166666666667
110.72269373677571 38.64333333333333
117.5871365600586 39.026666666666664
125.76238539937337 39.38166666666667
127.14156114298503 39.528333333333336
127.90665387064615 39.60666666666667
129.00854397583007 39.685
130.64076198933918 39.77
131.39961165873208 39.83166666666666
132.16041282450357 39.85333333333333
132.53764304402668 39.873333333333335
132.7017198771159 39.87833333333333
132.86383325602213 39.901666666666664
132.94530472208658 39.90833333333333
133.03104040120442 39.905
133.08568771158855 39.91166666666667
133.13284635213216 39.913333333333334
133.1751818786621 39.915
133.19139353637695 39.915
133.18387022501628 39.915
133.17336207987466 39.916666666666664
133.16360826416016 39.915
133.154880960083 39.916666666666664
133.14855305887858 39.916666666666664
