0.5340428013006846 81.41833333333334
0.5090147693951924 82.045
0.4775973689397176 82.95333333333333
0.4632342558224996 83.48166666666667
0.46304610759417214 83.455
0.46334537134170534 83.47666666666667
0.4654231961886088 83.435
0.4683065691947937 83.425
0.4710387021700541 83.4
0.474758032989502 83.37166666666667
0.4780971507072449 83.36166666666666
0.4810581451733907 83.345
0.48352060861587526 83.32333333333334
0.4854134928385417 83.32333333333334
0.48705040566126506 83.31333333333333
0.4885250508308411 83.29333333333334
0.489449934832255 83.29
0.49013750057220457 83.28666666666666
0.49064018154144284 83.285
0.4909844571590424 83.28333333333333
0.49121802547772725 83.27666666666667
0.4914135935147603 83.27833333333334
0.49155229404767353 83.28
0.4916391569932302 83.27833333333334
0.4917070957183838 83.27833333333334
0.4917575551986694 83.27833333333334
0.49180367622375487 83.275
0.49184797197977703 83.275
0.491883149210612 83.27333333333333
0.4919122894605001 83.27166666666666
