3.52441622021993 9.113333333333333
3.524416190592448 9.113333333333333
3.524416200764974 9.113333333333333
3.524416204325358 9.113333333333333
3.5244161975860595 9.113333333333333
3.524416209157308 9.113333333333333
3.524416184488932 9.113333333333333
3.524416196187337 9.113333333333333
3.52441618309021 9.113333333333333
3.5244162078857424 9.113333333333333
3.524416193898519 9.113333333333333
3.52441619237264 9.113333333333333
3.5244162110646564 9.113333333333333
3.524416187795003 9.113333333333333
3.524416198094686 9.113333333333333
3.5244162057240804 9.113333333333333
3.5244161894480386 9.113333333333333
3.5244162119547524 9.113333333333333
3.5244162111918134 9.113333333333333
3.5244161942799885 9.113333333333333
3.52441619237264 9.113333333333333
3.524416203816732 9.113333333333333
3.5244161918640136 9.113333333333333
3.524416186014811 9.113333333333333
3.524416202799479 9.113333333333333
3.524416184488932 9.113333333333333
3.5244162110646564 9.113333333333333
3.524416189956665 9.113333333333333
3.52441619720459 9.113333333333333
3.524416203816732 9.113333333333333
