2.3134091040293376 9.548333333333334
2.313409111913045 9.548333333333334
2.3134091100056966 9.548333333333334
2.313409107208252 9.548333333333334
2.313409109624227 9.548333333333334
2.313409104410807 9.548333333333334
2.3134091058095296 9.548333333333334
2.3134091027577717 9.548333333333334
2.3134091093699136 9.548333333333334
2.3134091045379637 9.548333333333334
2.3134091045379637 9.548333333333334
2.313409118270874 9.548333333333334
2.31340910987854 9.548333333333334
2.313409098815918 9.548333333333334
2.3134090942382812 9.548333333333334
2.313409105682373 9.548333333333334
2.31340910542806 9.548333333333334
2.313409108988444 9.548333333333334
2.31340910059611 9.548333333333334
2.313409121322632 9.548333333333334
2.313409111913045 9.548333333333334
2.313409110514323 9.548333333333334
2.3134090961456297 9.548333333333334
2.313409110132853 9.548333333333334
2.3134091069539386 9.548333333333334
2.31340910542806 9.548333333333334
2.313409102376302 9.548333333333334
2.3134091093699136 9.548333333333334
2.313409101486206 9.548333333333334
2.313409105936686 9.548333333333334
