2.3089786218007404 10.0
2.3089786374409993 10.0
2.3089786314646403 10.0
2.3089786184946695 10.0
2.3089786268870034 10.0
2.308978621673584 10.0
2.3089786448160807 10.0
2.3089786254882814 10.0
2.308978634897868 10.0
2.3089786345163983 10.0
2.3089786323547363 10.0
2.308978630956014 10.0
2.3089786237080894 10.0
2.308978621037801 10.0
2.3089786209106444 10.0
2.3089786266326904 10.0
2.308978632481893 10.0
2.3089786204020184 10.0
2.3089786195119224 10.0
2.3089786296844483 10.0
2.3089786310831704 10.0
2.3089786281585694 10.0
2.3089786200205484 10.0
2.3089786314646403 10.0
2.3089786334991453 10.0
2.3089786296844483 10.0
2.308978630065918 10.0
2.308978633117676 10.0
2.308978624725342 10.0
2.3089786321004233 10.0
