2.3068035690307616 7.431666666666667
2.3068035570780436 7.431666666666667
2.306803575515747 7.431666666666667
2.306803576405843 7.431666666666667
2.3068035756429035 7.431666666666667
2.3068035808563234 7.431666666666667
2.306803570683797 7.431666666666667
2.306803581237793 7.431666666666667
2.306803584543864 7.431666666666667
2.306803574625651 7.431666666666667
2.306803578567505 7.431666666666667
2.3068035795847575 7.431666666666667
2.3068035870869954 7.431666666666667
2.3068035751342775 7.431666666666667
2.306803583399455 7.431666666666667
2.3068035774230955 7.431666666666667
2.3068035738627115 7.431666666666667
2.306803569793701 7.431666666666667
2.306803571573893 7.431666666666667
2.306803571955363 7.431666666666667
2.306803575515747 7.431666666666667
2.306803579203288 7.431666666666667
2.3068035789489745 7.431666666666667
2.306803579711914 7.431666666666667
2.3068035687764485 7.431666666666667
2.3068035681406656 7.431666666666667
2.3068035681406656 7.431666666666667
2.3068035672505696 7.431666666666667
2.306803567504883 7.431666666666667
2.306803577041626 7.431666666666667
