2.308159236653646 10.0
2.3081592418670653 10.0
2.3081592463175458 10.0
2.3081592274983724 10.0
2.3081592512766522 10.0
2.308159237289429 10.0
2.3081592418670653 10.0
2.3081592358907064 10.0
2.308159234873454 10.0
2.3081592299143474 10.0
2.3081592413584393 10.0
2.3081592374165854 10.0
2.308159246190389 10.0
2.308159228006999 10.0
2.30815924021403 10.0
2.30815924504598 10.0
2.308159231567383 10.0
2.3081592352549234 10.0
2.308159233983358 10.0
2.3081592301686604 10.0
2.3081592492421468 10.0
2.308159243520101 10.0
2.3081592337290444 10.0
2.3081592325846354 10.0
2.3081592431386313 10.0
2.3081592365264894 10.0
2.3081592404683433 10.0
2.3081592358907064 10.0
2.308159236399333 10.0
2.308159228006999 10.0
