2.306177955373128 9.998333333333333
2.3061779631296795 9.998333333333333
2.3061779532114666 9.998333333333333
2.306177960586548 9.998333333333333
2.3061779501597086 9.998333333333333
2.3061779591878255 9.998333333333333
2.3061779534657796 9.998333333333333
2.3061779471079507 9.998333333333333
2.30617796236674 9.998333333333333
2.3061779622395835 9.998333333333333
2.306177954483032 9.998333333333333
2.3061779739379884 9.998333333333333
2.3061779507954916 9.998333333333333
2.3061779594421385 9.998333333333333
2.3061779636383055 9.998333333333333
2.30617795308431 9.998333333333333
2.3061779618581135 9.998333333333333
2.306177946980794 9.998333333333333
2.306177954483032 9.998333333333333
2.3061779483795166 9.998333333333333
2.3061779481252036 9.998333333333333
2.306177952957153 9.998333333333333
2.306177951812744 9.998333333333333
2.3061779567718506 9.998333333333333
2.306177956644694 9.998333333333333
2.306177958424886 9.998333333333333
2.3061779609680175 9.998333333333333
2.306177970759074 9.998333333333333
2.3061779547373455 9.998333333333333
2.306177950922648 9.998333333333333
