2.305205884933472 11.856666666666667
2.3052058804829914 11.856666666666667
2.3052058912913003 11.856666666666667
2.305205880737305 11.856666666666667
2.3052058771769204 11.856666666666667
2.305205882136027 11.856666666666667
2.3052058952331542 11.856666666666667
2.3052059034983317 11.856666666666667
2.3052059014638266 11.856666666666667
2.3052058904012043 11.856666666666667
2.3052058900197347 11.856666666666667
2.305205894978841 11.856666666666667
2.305205899429321 11.856666666666667
2.3052058876037598 11.856666666666667
2.3052058872222903 11.856666666666667
2.3052058850606283 11.856666666666667
2.3052058844248453 11.856666666666667
2.30520588315328 11.856666666666667
2.305205889638265 11.856666666666667
2.3052059005737306 11.856666666666667
2.305205887858073 11.856666666666667
2.3052058886210123 11.856666666666667
2.3052058916727702 11.856666666666667
2.3052058850606283 11.856666666666667
2.305205880101522 11.856666666666667
2.3052058930714927 11.856666666666667
2.305205879465739 11.856666666666667
2.3052058811187743 11.856666666666667
2.3052058855692548 11.856666666666667
2.305205884552002 11.856666666666667
