2.3025848865509033 10.0
2.3025848865509033 10.0
2.3025848865509033 10.0
2.3025848865509033 10.0
2.3025848865509033 10.0
2.3025848865509033 10.0
2.3025848865509033 10.0
2.3025848865509033 10.0
2.3025848865509033 10.0
2.3025848865509033 10.0
2.3025848865509033 10.0
2.3025848865509033 10.0
2.3025848865509033 10.0
2.3025848865509033 10.0
2.3025848865509033 10.0
2.3025848865509033 10.0
2.3025848865509033 10.0
2.3025848865509033 10.0
2.3025848865509033 10.0
2.3025848865509033 10.0
2.3025848865509033 10.0
2.3025848865509033 10.0
2.3025848865509033 10.0
2.3025848865509033 10.0
2.3025848865509033 10.0
2.3025848865509033 10.0
2.3025848865509033 10.0
2.3025848865509033 10.0
2.3025848865509033 10.0
2.3025848865509033 10.0
