2.3384916343688964 11.668333333333333
2.338491621271769 11.668333333333333
2.338491638819377 11.668333333333333
2.3384916328430174 11.668333333333333
2.338491616566976 11.668333333333333
2.3384916178385415 11.668333333333333
2.338491631571452 11.668333333333333
2.338491611735026 11.668333333333333
2.3384916332244874 11.668333333333333
2.3384916193644205 11.668333333333333
2.3384916239420575 11.668333333333333
2.3384916220347085 11.668333333333333
2.3384916283925374 11.668333333333333
2.3384916389465333 11.668333333333333
2.3384916332244874 11.668333333333333
2.3384916200002035 11.668333333333333
2.338491632715861 11.668333333333333
2.3384916394551594 11.668333333333333
2.33849161084493 11.668333333333333
2.338491611989339 11.668333333333333
2.3384916383107504 11.668333333333333
2.3384916296641034 11.668333333333333
2.3384916286468505 11.668333333333333
2.3384916211446125 11.668333333333333
2.338491630045573 11.668333333333333
2.3384916169484455 11.668333333333333
2.338491637293498 11.668333333333333
2.3384916184743245 11.668333333333333
2.338491618982951 11.668333333333333
2.338491636276245 11.668333333333333
