0.4621370038350423 82.53833333333333
0.4103014516512553 84.74166666666666
0.4085022181828817 85.235
0.4630934767325719 84.59833333333333
0.5722979023774465 80.00166666666667
0.5825952143351237 79.14666666666666
0.597959940036138 78.285
0.569407753308614 79.085
0.5913759236017863 77.99833333333333
0.5809551334698995 78.21833333333333
0.6038157467842102 77.455
0.583359033981959 78.20833333333333
0.5807841280619304 78.40833333333333
0.5924678555170695 77.96833333333333
0.5901491903305054 78.06833333333333
0.5891371737321218 78.135
0.5900218021710714 78.105
0.5895746238390605 78.115
0.5897461713790894 78.12166666666667
0.5895874604860941 78.155
0.589535114955902 78.17
0.5895550188064576 78.17666666666666
0.5895902051607768 78.175
0.589625847641627 78.18166666666667
0.5897579683939616 78.17333333333333
0.5898232460657755 78.17333333333333
0.5899966107686361 78.15833333333333
0.5903698133786519 78.14
0.5907205131371815 78.12833333333333
0.5909806782086691 78.11833333333334
