41974.69261705729 84.29166666666667
61965.920034375 84.27
78912.55748958333 84.275
92597.13003489583 84.27666666666667
102928.71594375 84.275
110541.4313 84.28
116102.74879270833 84.27166666666666
120056.495453125 84.27333333333333
122887.387903125 84.26833333333333
124931.501746875 84.26666666666667
126358.773246875 84.265
127369.54657395833 84.265
128096.98510364583 84.26166666666667
128599.79547083333 84.26166666666667
128958.40040677083 84.26166666666667
129218.64483333334 84.26166666666667
129405.34721770833 84.26166666666667
129540.03573645833 84.26166666666667
129638.43212916667 84.26166666666667
129712.28 84.26166666666667
129766.1572 84.26166666666667
129811.46444375 84.26166666666667
129846.78995260417 84.26166666666667
129865.1779625 84.26166666666667
129878.37331875 84.26166666666667
129885.0486734375 84.26166666666667
129886.55080104167 84.26166666666667
129886.5508875 84.26166666666667
129886.5512890625 84.26166666666667
129886.55141041667 84.26166666666667
