2966513.6896166666 67.35166666666667
4402562.924266667 67.35333333333334
5654567.148 67.35666666666667
6669862.605866667 67.35833333333333
7456171.410666667 67.355
8041601.716 67.35666666666667
8470063.613333333 67.35333333333334
8783645.523733333 67.35333333333334
9006001.399466667 67.35333333333334
9164672.685333334 67.35333333333334
9278252.5928 67.35333333333334
9357963.7528 67.35333333333334
9414748.8816 67.35333333333334
9454854.091733333 67.35333333333334
9483861.224 67.35333333333334
9504717.994933333 67.35333333333334
9519869.8152 67.35333333333334
9530933.1008 67.35333333333334
9539150.512266668 67.35333333333334
9545224.0576 67.35333333333334
9549965.745466666 67.35333333333334
9553760.8184 67.35333333333334
9556561.8696 67.35333333333334
9558169.4016 67.35333333333334
9558792.2568 67.35333333333334
9558802.3184 67.35333333333334
9558802.336266667 67.35333333333334
9558802.371733334 67.35333333333334
9558802.365066666 67.35333333333334
9558802.3512 67.35333333333334
