4.294582436034474e+25 12.206666666666667
4.294541219244407e+25 12.208333333333334
4.294592857338071e+25 12.208333333333334
4.294644855020266e+25 12.208333333333334
4.294688322190132e+25 12.208333333333334
4.294716179233249e+25 12.208333333333334
4.294742942507421e+25 12.208333333333334
4.2947567896173485e+25 12.208333333333334
4.294769400549467e+25 12.208333333333334
4.294781653491772e+25 12.208333333333334
4.294781657058143e+25 12.208333333333334
4.294781660501535e+25 12.208333333333334
4.294781670831712e+25 12.208333333333334
4.2947816659125805e+25 12.208333333333334
4.294781650417315e+25 12.208333333333334
4.294781675012974e+25 12.208333333333334
4.294781653368794e+25 12.208333333333334
4.294781671323625e+25 12.208333333333334
4.294781649925402e+25 12.208333333333334
4.2947816703397985e+25 12.208333333333334
4.294781646973923e+25 12.208333333333334
4.294781657550056e+25 12.208333333333334
4.2947816641908845e+25 12.208333333333334
4.294781661362383e+25 12.208333333333334
4.294781670585756e+25 12.208333333333334
4.2947816720614945e+25 12.208333333333334
4.294781640333095e+25 12.208333333333334
4.294781646727967e+25 12.208333333333334
4.294781624345917e+25 12.208333333333334
4.294781661731318e+25 12.208333333333334
