5.979268731480655e+32 12.293333333333333
8.105402176471896e+32 12.295
8.707149452289998e+32 12.296666666666667
8.879604404933352e+32 12.296666666666667
8.930823434595935e+32 12.296666666666667
8.94607765362442e+32 12.296666666666667
8.950681636397799e+32 12.296666666666667
8.952006573498637e+32 12.296666666666667
8.952434627167482e+32 12.296666666666667
8.952434635420415e+32 12.296666666666667
8.952434657290689e+32 12.296666666666667
8.952434597869567e+32 12.296666666666667
8.952434609423674e+32 12.296666666666667
8.952434646561875e+32 12.296666666666667
8.952434617676607e+32 12.296666666666667
8.952434609011027e+32 12.296666666666667
8.952434639134235e+32 12.296666666666667
8.952434641197469e+32 12.296666666666667
8.952434641610115e+32 12.296666666666667
8.952434663893035e+32 12.296666666666667
8.95243465110099e+32 12.296666666666667
8.952434604471914e+32 12.296666666666667
8.952434629230715e+32 12.296666666666667
8.952434621390428e+32 12.296666666666667
8.952434655227455e+32 12.296666666666667
8.952434615613375e+32 12.296666666666667
8.952434594155748e+32 12.296666666666667
8.95243460117074e+32 12.296666666666667
8.952434635833062e+32 12.296666666666667
8.952434638721588e+32 12.296666666666667
