2.436827992248535 6.343333333333334
2.4368280050913493 6.343333333333334
2.436827998352051 6.343333333333334
2.436827995936076 6.343333333333334
2.4368279876708985 6.343333333333334
2.436828004582723 6.343333333333334
2.436827993774414 6.343333333333334
2.436827981821696 6.343333333333334
2.436827988688151 6.343333333333334
2.4368279940287274 6.343333333333334
2.436828005472819 6.343333333333334
2.4368279947916665 6.343333333333334
2.4368280006408694 6.343333333333334
2.436827995681763 6.343333333333334
2.4368280053456624 6.343333333333334
2.436827996571859 6.343333333333334
2.4368280119578043 6.343333333333334
2.436827987798055 6.343333333333334
2.436828000386556 6.343333333333334
2.436828012084961 6.343333333333334
2.436828006998698 6.343333333333334
2.4368280081431073 6.343333333333334
2.436828002293905 6.343333333333334
2.4368279936472574 6.343333333333334
2.4368280055999754 6.343333333333334
2.4368279940287274 6.343333333333334
2.4368280005137124 6.343333333333334
2.4368279930114745 6.343333333333334
2.4368279940287274 6.343333333333334
2.4368280024210613 6.343333333333334
