1.0959150678316751 56.62833333333333
1.2472176712036134 53.34166666666667
1.3387925059318542 51.071666666666665
1.4122182409922281 50.053333333333335
1.4885484722137452 50.37166666666667
1.5453654907226562 50.535
1.5642191707611084 50.495
1.5932276796976725 50.721666666666664
1.6081445871988933 50.78666666666667
1.610615015633901 50.595
1.6220416354497273 50.73166666666667
1.6284719217936199 50.75333333333333
1.637179552968343 50.83
1.6414880303700765 50.821666666666665
1.6409551366170247 50.79666666666667
1.6416999633789062 50.788333333333334
1.6428282021840412 50.791666666666664
1.6434600560506185 50.785
1.6438264355341594 50.795
1.6443962343215943 50.795
1.6445210618336996 50.785
1.644865353902181 50.79333333333334
1.6450173649470012 50.795
1.6452848162333171 50.805
1.6456698233922322 50.80166666666667
1.646118894894918 50.8
1.6465092299143473 50.803333333333335
1.6467726912180582 50.795
1.6469255184173583 50.79666666666667
1.6469466722488404 50.79833333333333
