1.604246705500285 66.07833333333333
1.2688322875022888 67.58833333333334
2.813527378495534 66.12
4.505044976234436 65.53
5.887995859527588 65.28666666666666
6.989360818099976 65.12833333333333
7.823442476145426 65.05333333333333
8.40278546409607 65.00666666666666
8.841400068918864 64.96833333333333
9.147235963185627 64.95833333333333
9.365340789540609 64.95333333333333
9.516384309768677 64.93333333333334
9.628574312082927 64.92666666666666
9.704983679199218 64.91833333333334
9.757609653218587 64.91666666666667
9.79532144088745 64.915
9.820522534942628 64.915
9.837953298441569 64.91666666666667
9.849767390950522 64.91666666666667
9.858159356689454 64.91666666666667
9.86408290786743 64.91666666666667
9.867781525929768 64.91666666666667
9.870024578857421 64.91666666666667
9.87132912648519 64.915
9.872074863179524 64.915
9.872455714925131 64.91333333333333
9.872528507232666 64.91333333333333
9.872551225916544 64.91333333333333
9.872548225657145 64.91333333333333
9.872548166910807 64.91333333333333
