70.4110180908203 14.61
70.41101805419922 14.61
70.41101768391927 14.61
70.41101778157552 14.61
70.41101789550781 14.61
70.41101802978515 14.61
70.41101790364583 14.61
70.41101807047527 14.61
70.41101776936848 14.61
70.41101811930339 14.61
70.41101805826823 14.61
70.41101790364583 14.61
70.411017964681 14.61
70.41101784261068 14.61
70.41101778361002 14.61
70.41101812744141 14.61
70.41101770019532 14.61
70.4110178100586 14.61
70.41101810099283 14.61
70.41101790771485 14.61
70.41101795247396 14.61
70.4110181233724 14.61
70.41101778564453 14.61
70.41101775309245 14.61
70.41101770833333 14.61
70.41101790364583 14.61
70.41101783040365 14.61
70.41101801757813 14.61
70.41101807047527 14.61
70.41101778564453 14.61
