797.6041475892384 12.768333333333333
696.1906556444804 12.186666666666667
645.1972725265503 11.93
613.6186655469259 11.723333333333333
591.1584027198792 11.591666666666667
576.1653976781209 11.493333333333334
565.4222109255472 11.431666666666667
558.9738505884807 11.393333333333333
553.6662154701233 11.37
550.4872512021383 11.346666666666666
548.4561682978313 11.335
547.0162466831207 11.323333333333334
546.0718036632538 11.32
545.3588062770843 11.318333333333333
544.8438127072652 11.315
544.4166062759399 11.311666666666667
543.9889916089376 11.308333333333334
543.551463861847 11.305
542.909136195755 11.303333333333333
542.1922515612284 11.3
541.386575549825 11.291666666666666
541.026594419225 11.288333333333334
540.9202239819845 11.285
540.919060167694 11.285
540.9205048880259 11.285
540.9210232495626 11.285
540.9210689659119 11.285
540.9210668880463 11.285
540.9210675404867 11.285
540.9210650984446 11.285
