0.1098103362818559 96.78
0.09205924468338489 97.255
0.10246474757951994 97.24166666666666
0.11307301297861462 97.24333333333334
0.12198381551802158 97.24333333333334
0.12789613008031545 97.24
0.13236933705102807 97.23833333333333
0.13539316771311374 97.23833333333333
0.13768265968381116 97.23833333333333
0.1392695509204971 97.23833333333333
0.14038360184030219 97.23833333333333
0.14125796932326629 97.23833333333333
0.14177160502797925 97.23833333333333
0.14215377115323208 97.23833333333333
0.14244219307901415 97.23833333333333
0.14266999745019712 97.23833333333333
0.1428154619661936 97.23833333333333
0.14293618167319025 97.23833333333333
0.14301997092103313 97.24
0.14307802925353172 97.24
0.14312901494715674 97.24
0.14316590676035074 97.24
0.14319801598083384 97.24
0.14322228619144298 97.24
0.14324062747969293 97.24
0.14325476743361457 97.24
0.14326542622048777 97.24
0.14327236957540734 97.24
0.14327798764991265 97.24
0.14328206358208942 97.24
