2.30844431737264 11.85
2.308444315973918 11.85
2.308444320042928 11.85
2.3084443285624188 11.85
2.3084443136850994 11.85
2.308444323476156 11.85
2.308444311141968 11.85
2.308444306818644 11.85
2.3084443190256754 11.85
2.308444316864014 11.85
2.3084443331400553 11.85
2.308444316736857 11.85
2.3084443163553874 11.85
2.308444309870402 11.85
2.3084443082173665 11.85
2.308444306945801 11.85
2.3084443223317463 11.85
2.3084443079630534 11.85
2.3084443330128988 11.85
2.3084443244934083 11.85
2.3084443103790284 11.85
2.3084443220774333 11.85
2.30844431292216 11.85
2.3084443194071453 11.85
2.3084443141937254 11.85
2.3084443110148114 11.85
2.3084443194071453 11.85
2.308444320042928 11.85
2.3084443172454834 11.85
2.3084443079630534 11.85
