97.20883388671875 7.428333333333334
97.208833984375 7.428333333333334
97.20883421223958 7.428333333333334
97.20883402913411 7.428333333333334
97.20883355712891 7.428333333333334
97.20883374430339 7.428333333333334
97.2088338663737 7.428333333333334
97.20883397623697 7.428333333333334
97.20883372802734 7.428333333333334
97.2088338297526 7.428333333333334
97.20883367919922 7.428333333333334
97.20883386230469 7.428333333333334
97.2088337890625 7.428333333333334
97.20883376871745 7.428333333333334
97.2088343343099 7.428333333333334
97.20883418375651 7.428333333333334
97.20883430989583 7.428333333333334
97.20883358561198 7.428333333333334
97.20883356526693 7.428333333333334
97.20883371988933 7.428333333333334
97.20883378092448 7.428333333333334
97.20883414713542 7.428333333333334
97.2088339436849 7.428333333333334
97.20883423258464 7.428333333333334
97.20883404947917 7.428333333333334
97.20883398844401 7.428333333333334
97.20883395182291 7.428333333333334
97.20883357340495 7.428333333333334
97.20883392740886 7.428333333333334
97.20883463948567 7.428333333333334
