0.6400713927586873 76.49666666666667
0.5262973284721375 81.72166666666666
0.5293866440296173 81.76833333333333
0.5293866437594096 81.76833333333333
0.5293866435368856 81.76833333333333
0.529386643409729 81.76833333333333
0.5293866436004638 81.76833333333333
0.5293866420586903 81.76833333333333
0.5293866436958313 81.76833333333333
0.5293866451899211 81.76833333333333
0.5293866442839305 81.76833333333333
0.5293866448084513 81.76833333333333
0.529386642519633 81.76833333333333
0.5293866431713105 81.76833333333333
0.5293866423924763 81.76833333333333
0.5293866463979086 81.76833333333333
0.5293866425514221 81.76833333333333
0.5293866440773011 81.76833333333333
0.5293866445700327 81.76833333333333
0.5293866443634033 81.76833333333333
0.5293866448402405 81.76833333333333
0.529386643743515 81.76833333333333
0.5293866455872853 81.76833333333333
0.5293866455713908 81.76833333333333
0.5293866440137227 81.76833333333333
0.5293866419156392 81.76833333333333
0.5293866434892018 81.76833333333333
0.5293866467952728 81.76833333333333
0.529386640961965 81.76833333333333
0.5293866439183553 81.76833333333333
