109.72079919433594 40.245
353.125609375 37.53
579.1678416666666 40.093333333333334
804.3575405273438 40.223333333333336
973.2193875325521 40.443333333333335
1103.5121833333333 40.81166666666667
1238.5701938151042 39.58
1311.945953125 39.91
1349.6061488932291 40.653333333333336
1392.7960392578125 40.52333333333333
1423.277673828125 40.473333333333336
1442.7908010416666 40.51833333333333
1458.17617109375 40.505
1469.1722130859375 40.495
1474.7087491536458 40.53666666666667
1479.1548710286459 40.55166666666667
1482.149941015625 40.568333333333335
1484.5322216145832 40.571666666666665
1485.9956977864583 40.57833333333333
1487.455748828125 40.57333333333333
1488.405330859375 40.57
1489.1042947916667 40.56333333333333
1489.5833794921875 40.55166666666667
1489.5936905598958 40.53
1489.845409375 40.505
1490.0256619140625 40.48833333333334
1490.3387293619792 40.46666666666667
1490.5514274088541 40.46666666666667
1490.5880977864583 40.46666666666667
1490.5881392578126 40.46666666666667
