0.25808951351642606 92.8
1.8197795616785686 64.68333333333334
3.2260966139475507 57.888333333333335
4.902731739552816 55.87833333333333
7.8688617706298825 55.84
10.544044949086507 55.67
11.94752979482015 55.45
12.63094295756022 55.163333333333334
13.853596128082275 55.03333333333333
13.919593451182047 54.928333333333335
14.371393079121907 54.86833333333333
14.453117492675782 54.82833333333333
14.57380086924235 54.81333333333333
14.692222039794922 54.77333333333333
14.688573901367187 54.76833333333333
14.812480518086751 54.75
14.873142280578612 54.73166666666667
14.907670578765869 54.733333333333334
14.922368447875977 54.72666666666667
14.927008510843912 54.721666666666664
14.937043744405111 54.721666666666664
14.94829359995524 54.718333333333334
14.950209245808919 54.72
14.947318518575033 54.72
14.941751945495605 54.72
14.92859648996989 54.71333333333333
14.920658424886067 54.718333333333334
14.914963425191244 54.71666666666667
14.91081970062256 54.72
14.907963487497966 54.721666666666664
