29154812556.0832 38.906666666666666
32291679157.179733 38.92
32419163903.317333 38.91833333333334
32506644309.6064 38.91833333333334
32572046525.508266 38.91833333333334
32618938302.464 38.91833333333334
32652557007.803734 38.92
32678511628.561066 38.92
32697552122.6752 38.92
32712278494.4128 38.92
32723502365.627735 38.92
32732645793.245865 38.92
32739141048.7296 38.92
32743705689.019733 38.92
32746833163.0592 38.92
32749137021.064533 38.92
32750885424.3328 38.92
32751970312.738132 38.92
32752157939.029335 38.92
32752169988.9152 38.92
32752170032.605865 38.92
32752169984.546135 38.92
32752169943.04 38.92
32752169831.6288 38.92
32752169939.7632 38.92
32752169816.337067 38.92
32752169795.584 38.92
32752169909.179733 38.92
32752169905.902935 38.92
32752169931.025066 38.92
