210.882840625 10.81
583.40484375 13.16
2083.741575 12.7
3851.0456 12.81
5612.8902 12.86
7195.81415 12.86
8526.277 12.85
9623.8888 12.89
10432.6281 12.98
11022.3877 13.04
10917.9356 18.29
11305.015 17.82
11571.3276 17.57
11796.3224 17.06
11909.3199 17.13
12042.2278 16.81
12136.5607 16.51
12091.2315 17.13
12101.5145 17.27
12152.0015 17.1
12222.5793 16.71
12136.7729 17.37
12227.6056 16.76
12268.2125 16.51
12287.4722 16.38
12266.2611 16.54
12251.3113 16.71
12243.9462 16.72
12243.7833 16.72
12244.0478 16.72
