2.3135964599609373 10.05
2.313596435546875 10.05
2.3135966064453126 10.05
2.313596533203125 10.05
2.313596533203125 10.05
2.31359658203125 10.05
2.313596533203125 10.05
2.3135964599609373 10.05
2.313596533203125 10.05
2.3135965087890624 10.05
2.313596484375 10.05
2.3135965087890624 10.05
2.3135964599609373 10.05
2.3135963623046876 10.05
2.313596533203125 10.05
2.3135964599609373 10.05
2.3135964599609373 10.05
2.3135964111328127 10.05
2.3135965087890624 10.05
2.3135966064453126 10.05
2.313596435546875 10.05
2.3135965087890624 10.05
2.3135964111328127 10.05
2.313596435546875 10.05
2.3135965576171875 10.05
2.3135965087890624 10.05
2.3135964599609373 10.05
2.313596435546875 10.05
2.313596533203125 10.05
2.3135965087890624 10.05
