2.3056568603515624 6.96
2.3056567626953126 6.96
2.30565693359375 6.96
2.3056568115234377 6.96
2.30565693359375 6.96
2.305656787109375 6.96
2.305656884765625 6.96
2.3056568359375 6.96
2.3056568603515624 6.96
2.305656884765625 6.96
2.3056568115234377 6.96
2.3056568115234377 6.96
2.3056568603515624 6.96
2.3056568359375 6.96
2.305656884765625 6.96
2.3056569091796875 6.96
2.305656884765625 6.96
2.3056568115234377 6.96
2.3056569091796875 6.96
2.30565693359375 6.96
2.3056569091796875 6.96
2.3056569580078126 6.96
2.305656884765625 6.96
2.305656884765625 6.96
2.3056568359375 6.96
2.30565693359375 6.96
2.3056568603515624 6.96
2.3056568359375 6.96
2.3056568115234377 6.96
2.3056568115234377 6.96
