4.461888916015625 6.69
4.461888916015625 6.69
4.4618890625 6.69
4.461888916015625 6.69
4.461888671875 6.69
4.461889013671875 6.69
4.461888818359375 6.69
4.461889013671875 6.69
4.461888720703125 6.69
4.461888916015625 6.69
4.461889013671875 6.69
4.46188916015625 6.69
4.461889013671875 6.69
4.46188896484375 6.69
4.46188896484375 6.69
4.46188896484375 6.69
4.461888720703125 6.69
4.4618888671875 6.69
4.46188876953125 6.69
4.4618888671875 6.69
4.461889013671875 6.69
4.461889013671875 6.69
4.46188896484375 6.69
4.461889013671875 6.69
4.46188896484375 6.69
4.4618888671875 6.69
4.461889111328125 6.69
4.4618888671875 6.69
4.46188876953125 6.69
4.4618890625 6.69
