1475204.3008 9.76
1672349.1968 10.07
2429085.6448 11.83
881923.968 6.39
3819132.8512 9.58
5380893.3376 4.74
240660.1344 17.76
817514.3296 8.44
1233443.7632 9.18
1685997.3504 8.76
6511921.7664 16.04
2501476.9408 18.22
1483830.2976 17.84
5541512.6528 6.34
6494527.3856 9.0
11511554.3552 9.8
13461239.0912 9.8
15145267.9168 9.8
16497717.248 9.8
17514258.8416 9.8
18246497.8944 9.8
18765711.1552 9.8
19126149.9392 9.8
19371301.6832 9.8
19538252.5952 9.8
19653931.008 9.8
19735870.464 9.8
19800149.1968 9.8
19841418.8544 9.8
19863541.76 9.8
