2.3162736328125 10.0
2.316273681640625 10.0
2.3162738037109376 10.0
2.3162737060546874 10.0
2.3162737548828125 10.0
2.3162737548828125 10.0
2.316273681640625 10.0
2.3162736328125 10.0
2.316273779296875 10.0
2.316273681640625 10.0
2.316273828125 10.0
2.3162736572265623 10.0
2.31627373046875 10.0
2.3162736572265623 10.0
2.3162736083984377 10.0
2.31627353515625 10.0
2.316273828125 10.0
2.3162738037109376 10.0
2.316273583984375 10.0
2.3162736572265623 10.0
2.316273779296875 10.0
2.3162737060546874 10.0
2.316273681640625 10.0
2.3162736572265623 10.0
2.3162737060546874 10.0
2.3162736328125 10.0
2.3162738037109376 10.0
2.3162737548828125 10.0
2.316273681640625 10.0
2.3162738037109376 10.0
