2.3900522705078124 14.26
2.1129912109375 24.22
2.06347724609375 23.71
2.0815195190429687 25.34
2.19683125 29.42
2.31941865234375 29.45
2.42484970703125 29.49
2.502914208984375 29.43
2.5656856201171876 29.45
2.6175424072265625 29.49
2.657110986328125 29.51
2.686092919921875 29.53
2.7057505615234376 29.55
2.7199653564453126 29.55
2.7296448486328124 29.54
2.73635380859375 29.54
2.7413432373046875 29.52
2.7447817626953124 29.49
2.747033251953125 29.5
2.7486225341796877 29.5
2.74977587890625 29.49
2.7505702880859375 29.48
2.751120654296875 29.48
2.7515201416015627 29.48
2.7517927734375 29.48
2.75196640625 29.48
2.7520713134765624 29.48
2.7520820556640624 29.48
2.752079833984375 29.48
2.7520796875 29.48
