2.3191514404296876 14.82
2.3165752685546876 16.48
2.3172886474609373 17.21
2.3174376220703126 17.06
2.3175742431640627 16.76
2.31760830078125 16.89
2.31758515625 16.83
2.3175866455078125 16.81
2.3176416259765626 16.85
2.317632568359375 16.82
2.3176375 16.82
2.3176319580078126 16.8
2.3176410400390624 16.8
2.3176401611328123 16.8
2.3176453125 16.8
2.3176423583984374 16.79
2.3176455322265626 16.8
2.3176446044921875 16.79
2.3176425537109373 16.79
2.31764365234375 16.79
2.3176445556640624 16.79
2.3176447509765623 16.79
2.317644873046875 16.79
2.31764501953125 16.79
2.3176450927734376 16.79
2.317645166015625 16.79
2.31764521484375 16.79
2.317645166015625 16.79
2.3176451416015627 16.79
2.3176451416015627 16.79
