251.585403125 10.32
216.7977984375 12.41
68.8857203125 11.49
21.1732615234375 12.74
51.402691796875 11.16
65.772508203125 12.41
67.089973046875 13.47
66.722758203125 12.66
66.426274609375 12.27
65.0143328125 12.06
68.694487109375 11.9
74.778009375 12.11
83.69697890625 12.18
91.96647421875 12.14
99.64716328125 11.94
105.188153125 11.96
109.68335234375 11.87
111.481003125 12.27
113.700003125 12.19
115.07714609375 12.17
115.935403125 12.2
116.5024921875 12.17
116.89899609375 12.31
117.16201171875 12.25
117.35248515625 12.28
117.485903125 12.3
117.576975 12.33
117.6404828125 12.33
117.6871546875 12.33
117.71545 12.32
