48.301344140625 6.62
1422.522025 10.46
23673.0176 8.49
100063.9104 8.44
247933.9984 8.4
436578.6624 8.42
635873.6704 8.4
836133.8112 8.38
997552.3136 8.35
1121483.3728 8.36
1214034.816 8.33
1279354.9952 8.33
1325296.8704 8.34
1356807.7312 8.34
1378396.5312 8.34
1393075.9168 8.34
1403008.6784 8.34
1409649.9456 8.34
1414110.3872 8.34
1417071.0016 8.34
1419005.6064 8.34
1420225.024 8.34
1421012.1728 8.34
1421518.2464 8.34
1421820.3136 8.34
1421836.1856 8.34
1421836.0576 8.34
1421834.8928 8.34
1421834.944 8.34
1421834.9312 8.34
