5.668568115234375 6.34
5.66856826171875 6.34
5.668568017578125 6.34
5.668568212890625 6.34
5.668568212890625 6.34
5.66856806640625 6.34
5.668568212890625 6.34
5.668568017578125 6.34
5.66856767578125 6.34
5.66856826171875 6.34
5.66856796875 6.34
5.668568017578125 6.34
5.668568310546875 6.34
5.668567919921875 6.34
5.668568115234375 6.34
5.66856796875 6.34
5.66856826171875 6.34
5.668567919921875 6.34
5.668567919921875 6.34
5.6685677734375 6.34
5.668567919921875 6.34
5.668568017578125 6.34
5.668568212890625 6.34
5.66856787109375 6.34
5.66856787109375 6.34
5.668568359375 6.34
5.668568017578125 6.34
5.66856796875 6.34
5.66856787109375 6.34
5.66856796875 6.34
