3.498988427734375 27.28
2.60361767578125 24.3
2.249221142578125 27.02
3.4752412109375 29.05
3.567211572265625 27.4
4.141585498046875 27.52
4.52445986328125 27.52
4.896093603515625 27.66
5.245034326171875 27.75
5.45090224609375 27.66
5.55359072265625 27.65
5.608433935546875 27.67
5.670121826171875 27.7
5.687005126953125 27.68
5.66585126953125 27.67
5.65444638671875 27.66
5.652284619140625 27.67
5.65106318359375 27.68
5.6505744140625 27.68
5.65036416015625 27.69
5.650285986328125 27.69
5.650204931640625 27.7
5.650066015625 27.7
5.649991015625 27.7
5.649917724609375 27.7
5.64961533203125 27.7
5.649446630859375 27.7
5.6492833984375 27.7
5.649176318359375 27.7
5.6491048828125 27.7
