92.98623359375 10.09
163.94469375 9.91
452.90359375 10.13
452.903575 10.13
452.90358125 10.13
452.90355625 10.13
452.9035625 10.13
452.903596875 10.13
452.903565625 10.13
452.903565625 10.13
452.9035875 10.13
452.903578125 10.13
452.9035875 10.13
452.903578125 10.13
452.90358125 10.13
452.903565625 10.13
452.903603125 10.13
452.9035625 10.13
452.90355 10.13
452.903571875 10.13
452.90358125 10.13
452.903590625 10.13
452.903578125 10.13
452.903565625 10.13
452.903559375 10.13
452.903575 10.13
452.90358125 10.13
452.903603125 10.13
452.9035875 10.13
452.903559375 10.13
