2.3130439208984375 10.0
2.313043896484375 10.0
2.313043896484375 10.0
2.313043798828125 10.0
2.3130438720703124 10.0
2.3130438720703124 10.0
2.3130439453125 10.0
2.3130439697265626 10.0
2.31304404296875 10.0
2.31304384765625 10.0
2.3130437744140626 10.0
2.3130439208984375 10.0
2.313043896484375 10.0
2.3130439453125 10.0
2.3130439453125 10.0
2.3130438720703124 10.0
2.3130439208984375 10.0
2.31304384765625 10.0
2.313043896484375 10.0
2.3130439697265626 10.0
2.3130439208984375 10.0
2.3130439453125 10.0
2.3130438720703124 10.0
2.3130439208984375 10.0
2.313043896484375 10.0
2.3130439697265626 10.0
2.3130439208984375 10.0
2.3130439453125 10.0
2.313043896484375 10.0
2.3130438232421877 10.0
