2.3066248291015623 10.64
2.3066248046875 10.64
2.3066248291015623 10.64
2.306624951171875 10.64
2.30662490234375 10.64
2.306624755859375 10.64
2.306624755859375 10.64
2.306624853515625 10.64
2.3066248046875 10.64
2.30662470703125 10.64
2.306624951171875 10.64
2.3066249755859376 10.64
2.3066248046875 10.64
2.3066247802734376 10.64
2.3066248046875 10.64
2.3066248046875 10.64
2.306624755859375 10.64
2.306624853515625 10.64
2.30662490234375 10.64
2.3066247802734376 10.64
2.306624853515625 10.64
2.3066248046875 10.64
2.30662490234375 10.64
2.3066247802734376 10.64
2.3066248779296874 10.64
2.3066247802734376 10.64
2.3066248291015623 10.64
2.3066248291015623 10.64
2.3066248779296874 10.64
2.3066248046875 10.64
