2.30398876953125 4.06
2.30398876953125 4.06
2.303988671875 4.06
2.3039887451171874 4.06
2.3039888671875 4.06
2.3039886962890623 4.06
2.303988818359375 4.06
2.3039887451171874 4.06
2.3039888427734376 4.06
2.30398876953125 4.06
2.3039887451171874 4.06
2.3039886962890623 4.06
2.303988818359375 4.06
2.303988671875 4.06
2.303988818359375 4.06
2.303988671875 4.06
2.303988720703125 4.06
2.30398876953125 4.06
2.3039887451171874 4.06
2.3039888427734376 4.06
2.3039886962890623 4.06
2.3039886474609377 4.06
2.3039886962890623 4.06
2.30398876953125 4.06
2.303988818359375 4.06
2.3039887939453125 4.06
2.3039887451171874 4.06
2.3039888671875 4.06
2.3039887939453125 4.06
2.303988720703125 4.06
