119.29679765625 15.15
74.074884375 12.14
73.617271875 11.87
69.01625703125 11.92
56.472659375 12.0
37.597712890625 11.97
25.2226123046875 11.68
19.2212009765625 11.92
16.4855904296875 11.45
14.4260267578125 11.79
14.0563083984375 10.25
13.28725 10.1
21.657864453125 10.1
21.339879296875 10.1
21.1791671875 10.1
21.086495703125 10.1
21.0303078125 10.1
20.9929103515625 10.1
20.9688630859375 10.1
20.9531703125 10.1
20.9424814453125 10.1
20.9346578125 10.1
20.9291927734375 10.1
20.924892578125 10.1
20.9214142578125 10.1
20.91774921875 10.1
20.9154552734375 10.1
20.913991015625 10.1
20.91204921875 10.1
20.9116576171875 10.1
