16.22719384765625 8.25
2.39639873046875 37.91
5.384590673828125 29.55
3.95298330078125 43.23
3.6109197265625 40.4
3.107066455078125 44.11
2.5212168701171875 43.12
3.5410697998046876 44.17
4.82390166015625 44.15
5.42611962890625 44.35
5.629237158203125 44.37
5.66676591796875 44.58
5.846820361328125 44.57
5.89345546875 44.55
5.930663525390625 44.55
5.94951826171875 44.52
5.957294189453125 44.52
5.964628173828125 44.5
5.970511669921875 44.52
5.9742580078125 44.52
5.9764533203125 44.52
5.977748291015625 44.53
5.978665869140625 44.54
5.979706298828125 44.54
5.980285009765625 44.53
5.980795068359375 44.54
5.98110361328125 44.54
5.981302783203125 44.54
5.981413037109375 44.54
5.98138095703125 44.54
