2.31820166015625 7.58
2.3182016357421875 7.58
2.3182017333984377 7.58
2.3182015869140624 7.58
2.3182016845703126 7.58
2.3182016357421875 7.58
2.3182016845703126 7.58
2.318201806640625 7.58
2.318201708984375 7.58
2.318201708984375 7.58
2.318201708984375 7.58
2.3182016845703126 7.58
2.3182017578125 7.58
2.3182017333984377 7.58
2.3182017333984377 7.58
2.318201708984375 7.58
2.31820166015625 7.58
2.3182017578125 7.58
2.3182016357421875 7.58
2.3182018310546875 7.58
2.3182016845703126 7.58
2.3182017578125 7.58
2.31820166015625 7.58
2.3182016357421875 7.58
2.318201708984375 7.58
2.3182017578125 7.58
2.318201708984375 7.58
2.3182017578125 7.58
2.318201708984375 7.58
2.3182017333984377 7.58
