2.044314501953125 24.1
2.1655650634765626 23.75
2.2334463134765623 21.39
2.120650048828125 20.88
2.2095060546875 19.29
2.2594863525390627 17.76
2.28953046875 17.44
2.3233636474609374 17.34
2.3673732666015623 17.4
2.388295849609375 18.04
3.2269874755859376 13.37
2.961066259765625 16.28
4.464903466796875 10.02
3.230684765625 9.99
2.90210927734375 9.99
2.8194044921875 10.0
2.801088720703125 10.0
2.7897443115234375 10.0
2.7818364501953123 10.0
2.776382080078125 10.0
2.7725897705078126 10.0
2.7699671875 10.0
2.7681611572265625 10.0
2.76692646484375 10.0
2.7660066650390625 10.0
2.7653511962890627 10.0
2.7648989013671876 10.0
2.764522412109375 10.0
2.7642578857421873 10.0
2.7640783447265624 10.0
