358.40341875 9.58
218.791196875 6.38
163.344465625 9.44
163.344475 9.44
163.3444703125 9.44
163.3444734375 9.44
163.344475 9.44
163.34446875 9.44
163.3444765625 9.44
163.3444703125 9.44
163.344471875 9.44
163.3444703125 9.44
163.3444609375 9.44
163.344475 9.44
163.34446875 9.44
163.3444765625 9.44
163.344478125 9.44
163.3444765625 9.44
163.3444796875 9.44
163.3444703125 9.44
163.3444796875 9.44
163.3444703125 9.44
163.3444625 9.44
163.344471875 9.44
163.344471875 9.44
163.3444765625 9.44
163.34446875 9.44
163.3444734375 9.44
163.3444796875 9.44
163.34446875 9.44
