5.660089990234375 12.92
5.451978466796875 12.59
5.372526708984375 12.42
5.34574248046875 12.39
5.33305908203125 12.36
5.326519873046875 12.29
5.323295947265625 12.24
5.321560205078125 12.24
5.32064052734375 12.23
5.319930126953125 12.23
5.319555712890625 12.25
5.31922470703125 12.25
5.318999951171875 12.26
5.318885205078125 12.26
5.3187736328125 12.27
5.31870849609375 12.26
5.3186478515625 12.27
5.318616650390625 12.27
5.318598291015625 12.27
5.318584423828125 12.27
5.318574951171875 12.27
5.318565576171875 12.27
5.318556005859375 12.27
5.31854990234375 12.27
5.318544384765625 12.27
5.318541650390625 12.27
5.318538037109375 12.27
5.318531396484375 12.27
5.318526904296875 12.27
5.318524658203125 12.27
