5328.5162 10.1
328.755409375 10.64
99.400815625 9.52
50.05776953125 7.59
24.9274021484375 11.79
51.786293359375 3.84
49.58180078125 11.7
76.299575 10.5
87.20306328125 10.08
90.11762109375 8.87
97.50074765625 9.51
131.5022625 10.63
190.83760625 13.1
216.7454703125 11.81
230.015225 11.54
240.0016875 11.4
247.1515953125 11.25
251.7252921875 11.16
254.8976390625 11.06
257.071978125 11.03
258.7074734375 10.97
259.8112953125 10.93
260.660565625 10.93
261.2834734375 10.93
261.7007984375 10.92
261.9702484375 10.92
262.1592140625 10.92
262.29755625 10.92
262.4134390625 10.92
262.52536875 10.93
