593471864.832 10.22
176056321441.792 12.43
48890919688916.17 12.5
426055629290235.5 12.57
872825191782364.0 12.62
1193417143205075.2 12.62
1392760092533509.2 12.63
1506549870306001.0 12.61
1569169105348250.8 12.64
1602770661729422.5 12.65
1620681596194730.8 12.66
1630184056718308.2 12.67
1635372294748504.0 12.67
1638125073291490.0 12.67
1639630964416892.0 12.67
1640341317647912.2 12.67
1640520125726379.2 12.67
1640849800544072.5 12.67
1640866361937966.0 12.67
1640866128291745.0 12.67
1640865743462675.2 12.67
1640865496072559.0 12.67
1640865262426338.0 12.67
1640865124987384.8 12.67
1640864987548431.2 12.67
1640865015036221.8 12.67
1640865056267908.0 12.67
1640864987548431.2 12.67
1640864946316745.0 12.67
1640865015036221.8 12.67
