2.20200341796875 21.46
2.2020033935546874 21.46
2.202003369140625 21.46
2.2020034423828125 21.46
2.2020034423828125 21.46
2.2020034423828125 21.46
2.2020033935546874 21.46
2.20200341796875 21.46
2.202003466796875 21.46
2.202003369140625 21.46
2.2020033447265623 21.46
2.2020033447265623 21.46
2.202003369140625 21.46
2.2020032958984377 21.46
2.20200341796875 21.46
2.202003369140625 21.46
2.202003369140625 21.46
2.202003466796875 21.46
2.2020033447265623 21.46
2.2020033447265623 21.46
2.2020035400390623 21.46
2.20200341796875 21.46
2.202003369140625 21.46
2.202003271484375 21.46
2.2020033203125 21.46
2.2020032958984377 21.46
2.2020033447265623 21.46
2.2020033447265623 21.46
2.2020033447265623 21.46
2.2020033447265623 21.46
