2.3616623779296875 10.21
2.36166240234375 10.21
2.361662451171875 10.21
2.36166240234375 10.21
2.361662353515625 10.21
2.3616623779296875 10.21
2.3616623779296875 10.21
2.3616624755859377 10.21
2.3616624755859377 10.21
2.361662353515625 10.21
2.3616623046875 10.21
2.3616624267578126 10.21
2.361662451171875 10.21
2.3616624267578126 10.21
2.3616624267578126 10.21
2.3616623291015624 10.21
2.361662353515625 10.21
2.3616623291015624 10.21
2.3616624755859377 10.21
2.3616622802734377 10.21
2.3616623291015624 10.21
2.3616623779296875 10.21
2.361662353515625 10.21
2.3616623291015624 10.21
2.361662255859375 10.21
2.36166240234375 10.21
2.3616624267578126 10.21
2.36166240234375 10.21
2.36166240234375 10.21
2.3616622314453126 10.21
