1.3697655639648438 44.74
8.75555458984375 32.12
8.29352783203125 39.52
16.0533208984375 39.41
22.6561767578125 39.67
29.340433203125 40.68
34.2036048828125 40.69
37.90157109375 40.93
41.498189453125 41.01
44.119947265625 40.79
46.896212109375 41.9
47.75805859375 41.64
58.41219453125 36.47
78.94696328125 33.92
78.98641796875 34.59
72.5419453125 35.42
65.059583984375 36.1
62.3127671875 36.4
61.393773046875 36.44
61.81004609375 36.44
62.718435546875 36.41
63.519016015625 36.34
64.1916609375 36.31
64.687813671875 36.26
65.04093984375 36.23
65.280748046875 36.23
65.45690390625 36.22
65.561244140625 36.17
65.63335546875 36.17
65.6822625 36.17
