331.670621875 12.87
425.248625 10.29
441.046875 11.35
706.75314375 12.85
706.7531 12.85
706.75314375 12.85
706.7530875 12.85
706.7531375 12.85
706.7531375 12.85
706.7531625 12.85
706.75310625 12.85
706.75311875 12.85
706.7531375 12.85
706.75315 12.85
706.75313125 12.85
706.75313125 12.85
706.75311875 12.85
706.753175 12.85
706.75311875 12.85
706.75311875 12.85
706.7531375 12.85
706.7531125 12.85
706.75311875 12.85
706.75313125 12.85
706.75314375 12.85
706.75311875 12.85
706.75310625 12.85
706.7530875 12.85
706.7530875 12.85
706.7531375 12.85
