3.11410576171875 7.15
3.114105712890625 7.15
3.1141056640625 7.15
3.1141057861328125 7.15
3.11410576171875 7.15
3.1141056884765623 7.15
3.1141056640625 7.15
3.1141057373046874 7.15
3.114105859375 7.15
3.114105712890625 7.15
3.1141056396484377 7.15
3.11410556640625 7.15
3.114105712890625 7.15
3.1141057861328125 7.15
3.1141057373046874 7.15
3.114105810546875 7.15
3.1141056884765623 7.15
3.114105712890625 7.15
3.1141056640625 7.15
3.1141056396484377 7.15
3.11410556640625 7.15
3.1141054931640624 7.15
3.1141058349609376 7.15
3.114105712890625 7.15
3.114105712890625 7.15
3.11410576171875 7.15
3.1141057861328125 7.15
3.1141057861328125 7.15
3.1141056640625 7.15
3.1141057373046874 7.15
