2.3076211669921873 10.1
2.308443212890625 9.75
2.3084432373046875 9.75
2.3084430908203126 9.75
2.3084431884765624 9.75
2.308443212890625 9.75
2.30844326171875 9.75
2.3084431884765624 9.75
2.3084431884765624 9.75
2.3084432373046875 9.75
2.3084431396484373 9.75
2.3084431884765624 9.75
2.3084432373046875 9.75
2.3084431884765624 9.75
2.3084430908203126 9.75
2.3084431884765624 9.75
2.308443212890625 9.75
2.308443212890625 9.75
2.3084431884765624 9.75
2.3084430908203126 9.75
2.3084431640625 9.75
2.3084432861328126 9.75
2.3084431640625 9.75
2.308443212890625 9.75
2.3084430908203126 9.75
2.30844326171875 9.75
2.308443212890625 9.75
2.308443212890625 9.75
2.3084431884765624 9.75
2.3084431640625 9.75
