67.085444140625 6.31
67.085441015625 6.31
67.085446875 6.31
67.08544453125 6.31
67.08544609375 6.31
67.08544375 6.31
67.085444140625 6.31
67.0854453125 6.31
67.085448828125 6.31
67.08544375 6.31
67.08544296875 6.31
67.085442578125 6.31
67.08544140625 6.31
67.08544140625 6.31
67.08544609375 6.31
67.0854421875 6.31
67.08544609375 6.31
67.08544375 6.31
67.0854453125 6.31
67.08544296875 6.31
67.0854421875 6.31
67.08544453125 6.31
67.085444921875 6.31
67.08544453125 6.31
67.08544375 6.31
67.085442578125 6.31
67.085446875 6.31
67.085444140625 6.31
67.085443359375 6.31
67.08544765625 6.31
