1.8487963745117189 26.89
1.8569068969726563 25.01
1.8600526733398437 25.61
1.8572205200195313 26.55
1.8572205810546876 26.55
1.8572204833984376 26.55
1.8572204467773437 26.55
1.8572205444335939 26.55
1.8572205200195313 26.55
1.8572205078125 26.55
1.8572205200195313 26.55
1.8572204956054688 26.55
1.857220556640625 26.55
1.8572204711914062 26.55
1.857220654296875 26.55
1.8572204223632813 26.55
1.8572204223632813 26.55
1.857220556640625 26.55
1.85722041015625 26.55
1.8572205200195313 26.55
1.8572205444335939 26.55
1.8572204467773437 26.55
1.857220556640625 26.55
1.8572205322265625 26.55
1.8572205078125 26.55
1.8572204345703125 26.55
1.8572205444335939 26.55
1.8572205078125 26.55
1.8572205200195313 26.55
1.8572204956054688 26.55
