3.3526346923828125 9.08
3.35263447265625 9.08
3.352634521484375 9.08
3.352634375 9.08
3.3526345458984377 9.08
3.352634326171875 9.08
3.3526345458984377 9.08
3.35263447265625 9.08
3.352634521484375 9.08
3.3526345458984377 9.08
3.3526344970703126 9.08
3.3526345947265623 9.08
3.3526345458984377 9.08
3.3526345947265623 9.08
3.35263447265625 9.08
3.352634716796875 9.08
3.3526345947265623 9.08
3.3526344970703126 9.08
3.3526344970703126 9.08
3.3526346435546874 9.08
3.352634716796875 9.08
3.352634521484375 9.08
3.3526345703125 9.08
3.352634521484375 9.08
3.3526346435546874 9.08
3.352634716796875 9.08
3.3526344970703126 9.08
3.352634375 9.08
3.3526345458984377 9.08
3.3526346435546874 9.08
