2.53062294921875 15.4
2.5306230224609374 15.4
2.5306229248046876 15.4
2.53062294921875 15.4
2.530622900390625 15.4
2.530622900390625 15.4
2.53062294921875 15.4
2.5306230712890625 15.4
2.53062294921875 15.4
2.530622900390625 15.4
2.5306229736328123 15.4
2.530623046875 15.4
2.5306229248046876 15.4
2.5306229248046876 15.4
2.530622900390625 15.4
2.5306228515625 15.4
2.5306228271484374 15.4
2.5306228515625 15.4
2.5306229736328123 15.4
2.5306229736328123 15.4
2.5306229736328123 15.4
2.5306230224609374 15.4
2.53062294921875 15.4
2.5306228515625 15.4
2.5306228271484374 15.4
2.5306229248046876 15.4
2.5306229736328123 15.4
2.530622900390625 15.4
2.5306228759765625 15.4
2.530622998046875 15.4
