4.540403515625 1.98
4.540403857421875 1.98
4.540403515625 1.98
4.540403466796875 1.98
4.5404037109375 1.98
4.540403515625 1.98
4.54040341796875 1.98
4.540403466796875 1.98
4.54040341796875 1.98
4.540403515625 1.98
4.54040341796875 1.98
4.54040361328125 1.98
4.540403515625 1.98
4.540403515625 1.98
4.54040361328125 1.98
4.540403515625 1.98
4.54040361328125 1.98
4.540403564453125 1.98
4.5404037109375 1.98
4.54040361328125 1.98
4.5404037109375 1.98
4.540403857421875 1.98
4.540403466796875 1.98
4.5404037109375 1.98
4.540403564453125 1.98
4.540403662109375 1.98
4.54040361328125 1.98
4.540403759765625 1.98
4.540403759765625 1.98
4.54040361328125 1.98
