33.5237408203125 1.34
35.652592578125 5.44
35.518265234375 1.08
34.041478515625 1.07
32.5540732421875 1.06
31.391709765625 1.05
30.578688671875 1.05
30.0058802734375 1.05
29.6012140625 1.07
29.321091015625 1.07
29.1268052734375 1.08
28.9904318359375 1.09
28.8963669921875 1.1
28.8318337890625 1.1
28.7862408203125 1.1
28.7541169921875 1.1
28.7313271484375 1.1
28.715714453125 1.1
28.7046013671875 1.1
28.6968421875 1.1
28.6915330078125 1.1
28.6877650390625 1.1
28.685156640625 1.1
28.683370703125 1.1
28.682101171875 1.1
28.68123046875 1.1
28.680668359375 1.1
28.680290234375 1.1
28.679985546875 1.1
28.6798419921875 1.1
