2.3086673828125 10.48
2.308667236328125 10.48
2.308667333984375 10.48
2.308667333984375 10.48
2.30866728515625 10.48
2.3086673095703123 10.48
2.3086671630859374 10.48
2.3086674072265625 10.48
2.3086673095703123 10.48
2.3086672607421876 10.48
2.308667431640625 10.48
2.3086673583984374 10.48
2.30866728515625 10.48
2.3086673828125 10.48
2.3086673583984374 10.48
2.308667431640625 10.48
2.3086674072265625 10.48
2.308667431640625 10.48
2.3086674072265625 10.48
2.30866728515625 10.48
2.30866748046875 10.48
2.3086673828125 10.48
2.30866728515625 10.48
2.308667333984375 10.48
2.3086673095703123 10.48
2.3086673095703123 10.48
2.3086673583984374 10.48
2.3086673828125 10.48
2.3086673828125 10.48
2.3086673583984374 10.48
