1.8647204467773437 20.99
1.7132743774414063 30.08
1.6774142822265625 34.85
1.721360498046875 40.05
1.6686668334960937 40.24
1.6066992797851563 38.19
1.7975033447265625 37.4
1.7156273803710937 36.3
1.6606472045898437 28.77
1.6617221923828125 25.69
1.66172177734375 25.94
1.6709633544921876 26.58
1.6912904296875 27.83
1.716555419921875 28.32
1.7474816528320312 27.77
1.7858449462890624 27.14
1.8257683471679687 26.23
1.8624390625 25.7
1.893345947265625 24.86
1.918121630859375 24.26
1.9368249633789063 23.99
1.9506353271484376 23.84
1.960650146484375 23.71
1.9678381591796874 23.6
1.9729881103515625 23.53
1.9766034423828125 23.48
1.9791520874023438 23.48
1.980924267578125 23.48
1.9821518188476563 23.49
1.98301416015625 23.48
