1.3177386474609376 48.98
1.2213006225585938 56.51
1.4396859008789062 57.09
1.620875927734375 42.08
1.7250900024414062 34.1
1.485541015625 49.13
5.944854638671875 46.94
11.879439453125 43.07
12.52660966796875 43.26
12.0987 29.99
12.816553125 28.51
12.41507705078125 26.48
12.38339755859375 27.17
12.57000068359375 28.54
13.20844326171875 30.19
14.07829677734375 31.02
14.90737841796875 33.48
15.50143955078125 35.22
15.9418890625 36.08
16.194512890625 36.26
16.378141796875 36.55
16.50947001953125 36.57
16.5883404296875 36.46
16.64736494140625 36.48
16.69121826171875 36.46
16.72323857421875 36.52
16.74170087890625 36.56
16.7549759765625 36.54
16.76463525390625 36.53
16.77251513671875 36.47
