299.88344375 12.72
203.446134375 10.1
202.569565625 10.49
190.6472875 10.38
182.036434375 10.45
174.391940625 10.44
170.6240203125 10.4
167.910325 10.43
166.4065265625 10.44
165.309334375 10.49
164.508 10.49
163.9498765625 10.51
163.5576421875 10.52
163.297221875 10.53
163.107096875 10.53
162.98203125 10.53
162.896696875 10.53
162.841284375 10.53
162.8023265625 10.52
162.788765625 10.53
162.7855328125 10.53
162.785225 10.53
162.781321875 10.54
162.7796296875 10.54
162.7776921875 10.54
162.770228125 10.54
162.7621 10.54
162.756625 10.54
162.752653125 10.54
162.7507546875 10.54
