641100532.9408 8.15
5809010324.2752 8.02
23653644448.5632 8.08
55618028804.5056 8.2
94178907049.1648 8.28
131786590283.3664 8.46
163582342227.5584 8.52
188549924965.5808 8.5
206700139669.0944 8.43
219290757444.4032 8.49
227987794427.904 8.45
233900103801.2416 8.45
237821341833.6256 8.44
240413480425.8816 8.44
242131296216.6784 8.42
243259340855.7056 8.42
244007123183.2064 8.42
244514536659.3536 8.42
244816333609.3696 8.41
244985718059.8272 8.41
245049736560.64 8.41
245046013696.4096 8.42
244994197264.7936 8.42
244999373035.9296 8.42
244998671748.3008 8.41
244997920129.024 8.41
244997247362.6624 8.41
244997233940.8896 8.41
244997227230.0032 8.41
244997235618.6112 8.41
