7000.75335 11.35
6018.5775 10.1
18114.9662 10.1
13091.1474 11.35
13091.148 11.35
13091.1476 11.35
13091.1479 11.35
13091.1472 11.35
13091.1479 11.35
13091.1471 11.35
13091.1472 11.35
13091.1478 11.35
13091.1483 11.35
13091.1475 11.35
13091.1474 11.35
13091.1476 11.35
13091.1484 11.35
13091.1474 11.35
13091.148 11.35
13091.148 11.35
13091.1474 11.35
13091.1482 11.35
13091.1477 11.35
13091.1476 11.35
13091.1479 11.35
13091.1473 11.35
13091.1479 11.35
13091.1481 11.35
13091.148 11.35
13091.1473 11.35
