3.1324815185546875 20.11
6.270992578125 16.33
7.3094318359375 16.42
7.584091162109375 16.45
8.547195947265624 16.55
9.29712998046875 16.54
9.80264248046875 16.57
10.06871357421875 16.51
10.43582099609375 16.42
11.00055224609375 16.38
11.63062880859375 16.25
12.03348837890625 16.25
12.38152421875 16.25
12.60262353515625 16.21
12.7640841796875 16.16
12.8717400390625 16.14
12.944702734375 16.16
12.99566552734375 16.15
13.03336103515625 16.17
13.06045400390625 16.17
13.0793537109375 16.16
13.093129296875 16.17
13.1024099609375 16.17
13.10903994140625 16.17
13.113348046875 16.17
13.11596171875 16.17
13.11731591796875 16.17
13.1174470703125 16.17
13.117173828125 16.17
13.1170353515625 16.17
