2.200559326171875 22.44
1.8123932983398436 26.95
2.0666135131835937 15.65
2.0190292724609376 22.19
2.011031018066406 22.45
2.0212647827148436 21.36
2.0275884521484375 18.09
2.03193857421875 18.61
2.0383607666015626 18.91
2.046399267578125 18.85
2.0847167846679686 20.33
2.2040389892578127 19.12
2.0290525512695314 19.44
2.0172102294921874 18.95
2.0140841918945314 18.78
2.0126783447265626 18.57
2.012038708496094 18.45
2.011760974121094 18.46
2.0116494262695315 18.36
2.0115823608398435 18.3
2.0115600830078124 18.2
2.011548059082031 18.23
2.0115450317382813 18.22
2.011543859863281 18.25
2.0115442016601564 18.24
2.0115438354492188 18.24
2.011545068359375 18.24
2.0115455688476565 18.24
2.011546740722656 18.24
2.0115443603515626 18.22
