2.350085546875 9.99
2.3500855712890627 9.99
2.350085595703125 9.99
2.3500856689453125 9.99
2.3500856201171874 9.99
2.3500856689453125 9.99
2.3500857666015627 9.99
2.3500855712890627 9.99
2.3500856201171874 9.99
2.350085595703125 9.99
2.3500856689453125 9.99
2.3500855224609376 9.99
2.3500855712890627 9.99
2.3500855712890627 9.99
2.35008564453125 9.99
2.3500855712890627 9.99
2.350085595703125 9.99
2.3500856689453125 9.99
2.350085595703125 9.99
2.350085595703125 9.99
2.3500856689453125 9.99
2.35008564453125 9.99
2.3500856201171874 9.99
2.350085498046875 9.99
2.35008564453125 9.99
2.3500856689453125 9.99
2.3500856689453125 9.99
2.3500855712890627 9.99
2.350085595703125 9.99
2.350085595703125 9.99
