2.4958365966796876 17.0
1.6477923217773438 29.94
1.5702529418945312 39.06
1.89885830078125 37.98
1.5670324340820312 41.4
1.5434452880859375 42.27
1.5489282592773437 42.51
1.5490082153320313 42.79
1.54907958984375 42.54
1.5493903564453124 42.01
1.5515794067382813 41.52
1.5559430053710936 40.99
1.561450830078125 40.38
1.5666673828125 39.44
1.5717276489257812 38.76
1.5756998901367187 38.4
1.5787766479492187 38.05
1.580397216796875 37.95
1.5794290649414062 38.03
1.5788511108398438 38.12
1.5785051635742187 38.16
1.5781989868164064 38.19
1.578003662109375 38.22
1.577864794921875 38.29
1.5777593505859375 38.32
1.577680517578125 38.35
1.5776095458984376 38.4
1.5775556030273437 38.45
1.5775078979492188 38.46
1.5774645141601562 38.47
