179644644143.9232 17.84
221560900996.3008 17.84
224813293502.464 17.84
225175594126.5408 17.84
225300050870.272 17.84
225379501054.3616 17.84
225433241832.6528 17.84
225472346167.7056 17.84
225498288776.8064 17.84
225519468334.2848 17.84
225533452143.8208 17.84
225543167829.6064 17.84
225549460963.328 17.84
225554240792.1664 17.84
225557762329.8048 17.84
225560423196.2624 17.84
225562491826.9952 17.84
225563963188.8384 17.84
225565174503.8336 17.84
225565981487.9232 17.84
225566721363.1488 17.84
225567504859.136 17.84
225568226279.424 17.84
225568380629.8112 17.84
225568383985.2544 17.84
225568370563.4816 17.84
225568367208.0384 17.84
225568372241.2032 17.84
225568368885.76 17.84
225568377274.368 17.84
