2.309485595703125 15.24
2.2969117431640624 13.05
2.3067927978515623 10.02
2.3067928466796874 10.02
2.30679287109375 10.02
2.3067927734375 10.02
2.3067927001953126 10.02
2.3067927978515623 10.02
2.306792724609375 10.02
2.3067927978515623 10.02
2.3067929443359376 10.02
2.3067927490234377 10.02
2.306792724609375 10.02
2.3067927490234377 10.02
2.3067927734375 10.02
2.3067928466796874 10.02
2.306792724609375 10.02
2.3067927734375 10.02
2.3067927978515623 10.02
2.306792822265625 10.02
2.3067929443359376 10.02
2.3067927734375 10.02
2.30679267578125 10.02
2.30679287109375 10.02
2.30679267578125 10.02
2.30679287109375 10.02
2.30679287109375 10.02
2.3067927978515623 10.02
2.3067927734375 10.02
2.3067927490234377 10.02
