2.09661806640625 16.35
2.5656254638671876 16.49
7.073498828125 20.18
7.4341189453125 18.57
7.81278896484375 17.78
8.299438525390626 17.65
8.79015205078125 17.78
9.0475775390625 17.75
9.237748046875 17.76
9.37237138671875 17.75
9.45177783203125 17.7
9.518169921875 17.7
9.570807421875 17.72
9.60290478515625 17.72
9.62343056640625 17.72
9.64011435546875 17.72
9.65025400390625 17.72
9.65798662109375 17.72
9.6633224609375 17.72
9.66619951171875 17.71
9.66864697265625 17.71
9.6700623046875 17.71
9.67091298828125 17.71
9.67109189453125 17.7
9.670625 17.7
9.670009375 17.7
9.669614453125 17.7
9.66937001953125 17.7
9.6691328125 17.7
9.66897568359375 17.7
