2.3023616943359375 10.24
2.3023618896484375 10.24
2.3023618408203124 10.24
2.30236171875 10.24
2.302361865234375 10.24
2.302361865234375 10.24
2.302361865234375 10.24
2.3023618408203124 10.24
2.302361865234375 10.24
2.30236171875 10.24
2.3023618408203124 10.24
2.3023617431640626 10.24
2.3023619140625 10.24
2.30236171875 10.24
2.3023619140625 10.24
2.302361865234375 10.24
2.3023618896484375 10.24
2.3023618408203124 10.24
2.3023619140625 10.24
2.3023618408203124 10.24
2.302361865234375 10.24
2.302361767578125 10.24
2.30236181640625 10.24
2.302361767578125 10.24
2.3023617919921877 10.24
2.302361962890625 10.24
2.3023616455078124 10.24
2.30236181640625 10.24
2.3023618896484375 10.24
2.30236181640625 10.24
