3.9823271484375 19.45
3.3129221435546876 17.15
6.368790185546875 15.55
9.0677 16.21
11.1741759765625 16.57
12.75172568359375 16.81
13.9174830078125 17.19
14.7266017578125 17.39
15.30403720703125 17.5
15.71091767578125 17.57
15.9887212890625 17.66
16.21372919921875 17.8
16.29125087890625 17.63
16.39836015625 17.75
16.4717740234375 17.82
16.5204798828125 17.85
16.55495048828125 17.87
16.5774990234375 17.89
16.5938609375 17.89
16.60455546875 17.89
16.61279599609375 17.89
16.618614453125 17.89
16.62220712890625 17.91
16.624890625 17.9
16.6262697265625 17.91
16.627026953125 17.91
16.62721669921875 17.9
16.6264873046875 17.9
16.6265544921875 17.9
16.62654775390625 17.9
