105513866.0352 8.92
134883357.4912 8.92
116284598.6816 8.92
86445297.664 8.92
58069186.56 8.92
34604021.76 8.92
11591588.864 8.92
338752782.336 10.09
314558401.7408 10.09
307039852.9536 10.09
172501583.4624 10.09
103809980.8256 10.09
69169924.096 10.09
49650913.6896 10.09
37558183.936 10.09
29490551.3984 10.09
23886897.9712 10.09
19915876.5568 10.09
17069590.3232 10.09
15003999.1296 10.09
13503347.8144 10.09
12412867.6864 10.09
11617361.92 10.09
11037815.7056 10.09
10616107.4176 10.09
10309765.5296 10.09
10087606.8864 10.09
9927158.4768 10.09
9810881.2288 10.09
9726997.7088 10.09
