4.51424375 16.07
2.1343197509765623 20.93
2.000461474609375 26.05
2.000461474609375 26.05
2.0004614624023436 26.05
2.0004614501953126 26.05
2.000461474609375 26.05
2.0004614624023436 26.05
2.000461474609375 26.05
2.0004614501953126 26.05
2.0004614624023436 26.05
2.0004615600585938 26.05
2.000461413574219 26.05
2.0004614624023436 26.05
2.0004614624023436 26.05
2.00046142578125 26.05
2.000461474609375 26.05
2.0004614624023436 26.05
2.0004614990234373 26.05
2.0004615234375 26.05
2.00046142578125 26.05
2.0004615356445314 26.05
2.000461474609375 26.05
2.0004614990234373 26.05
2.000461413574219 26.05
2.000461474609375 26.05
2.0004614379882812 26.05
2.000461389160156 26.05
2.0004615112304687 26.05
2.0004615112304687 26.05
