1.8060435913085937 39.86
1.2138227783203126 56.8
1.2032698120117187 58.62
1.2644321655273438 59.54
1.4356860717773436 60.0
1.5459880249023437 60.14
1.6030014038085938 60.2
1.738676220703125 60.1
1.7524696411132812 60.15
1.775633203125 60.22
1.8069780395507813 60.15
1.8398442138671876 60.16
1.8828517822265625 60.16
1.90174111328125 60.14
1.9054145141601562 60.11
1.9082107421875 60.12
1.9059286376953124 60.14
1.9034700439453125 60.16
1.901712841796875 60.18
1.900562646484375 60.17
1.8998158203125 60.17
1.8993386108398438 60.17
1.8990342163085938 60.16
1.8988778198242187 60.16
1.8988141357421875 60.15
1.8988138305664062 60.16
1.8988832885742188 60.16
1.8989276000976563 60.16
1.8989589111328125 60.16
1.8989749145507813 60.16
