2.311779736328125 9.95
2.3117798828125 9.95
2.3117797607421875 9.95
2.31177978515625 9.95
2.3117799072265623 9.95
2.3117798095703126 9.95
2.311779736328125 9.95
2.3117797119140624 9.95
2.3117798583984377 9.95
2.311779736328125 9.95
2.311779736328125 9.95
2.31177978515625 9.95
2.31177978515625 9.95
2.3117798583984377 9.95
2.3117796875 9.95
2.31177978515625 9.95
2.3117797119140624 9.95
2.3117798095703126 9.95
2.311779736328125 9.95
2.3117797607421875 9.95
2.3117798583984377 9.95
2.3117796630859373 9.95
2.3117797119140624 9.95
2.311779736328125 9.95
2.3117798095703126 9.95
2.311779736328125 9.95
2.3117797607421875 9.95
2.3117797607421875 9.95
2.3117797607421875 9.95
2.311779833984375 9.95
