2.3210708251953127 3.63
2.3210708251953127 3.63
2.321070849609375 3.63
2.321070849609375 3.63
2.3210708740234374 3.63
2.3210708984375 3.63
2.3210708251953127 3.63
2.321070703125 3.63
2.321070751953125 3.63
2.3210709716796876 3.63
2.3210709228515625 3.63
2.3210709228515625 3.63
2.3210708984375 3.63
2.3210708984375 3.63
2.3210708251953127 3.63
2.3210708251953127 3.63
2.321070849609375 3.63
2.3210708984375 3.63
2.3210708984375 3.63
2.3210708251953127 3.63
2.321070849609375 3.63
2.321070849609375 3.63
2.32107099609375 3.63
2.3210708984375 3.63
2.3210708740234374 3.63
2.321070849609375 3.63
2.3210709228515625 3.63
2.321070849609375 3.63
2.3210709228515625 3.63
2.3210708984375 3.63
