2.299994091796875 10.9
2.299994140625 10.9
2.299994140625 10.9
2.2999942138671874 10.9
2.2999941162109376 10.9
2.299994140625 10.9
2.2999941650390623 10.9
2.2999942138671874 10.9
2.2999941650390623 10.9
2.299994091796875 10.9
2.2999941162109376 10.9
2.299994140625 10.9
2.299994189453125 10.9
2.2999941162109376 10.9
2.299994140625 10.9
2.2999942626953125 10.9
2.299994140625 10.9
2.299994189453125 10.9
2.299994140625 10.9
2.2999941162109376 10.9
2.2999942138671874 10.9
2.2999942138671874 10.9
2.2999941650390623 10.9
2.2999941650390623 10.9
2.299994091796875 10.9
2.2999941162109376 10.9
2.299994189453125 10.9
2.299994091796875 10.9
2.299994189453125 10.9
2.2999940673828125 10.9
