2.3035745849609377 9.74
2.303574609375 9.74
2.3035746337890624 9.74
2.3035746826171875 9.74
2.30357470703125 9.74
2.303574658203125 9.74
2.3035746337890624 9.74
2.3035746826171875 9.74
2.303574658203125 9.74
2.3035746337890624 9.74
2.3035745849609377 9.74
2.3035747314453126 9.74
2.303574609375 9.74
2.303574560546875 9.74
2.303574609375 9.74
2.303574609375 9.74
2.3035747314453126 9.74
2.303574560546875 9.74
2.3035746337890624 9.74
2.3035746337890624 9.74
2.303574609375 9.74
2.3035745849609377 9.74
2.303574609375 9.74
2.3035746826171875 9.74
2.3035747314453126 9.74
2.303574755859375 9.74
2.303574755859375 9.74
2.303574609375 9.74
2.3035746337890624 9.74
2.3035747314453126 9.74
