27862388.3264 3.2
355800347.4432 10.0
906597112.2176 10.0
2108666924.2368 17.3
3288072323.072 14.74
4449465479.9872 19.08
5197711382.9376 18.9
5738976195.3792 18.69
6133592149.1968 18.67
6411185763.1232 18.63
6611868057.6 18.7
6737378043.4944 18.59
6832598391.1936 18.63
6899620433.1008 18.71
6941079240.704 18.65
6968818112.9216 18.63
6986337878.016 18.59
6999207837.696 18.56
7006850331.4432 18.54
7013260800.8192 18.54
7015712633.6512 18.46
7016833928.3968 18.44
7022878864.1792 18.54
7015161397.248 18.39
7006860869.632 18.19
7000823536.0256 18.02
6994997071.0528 17.75
6991819938.2016 17.6
6991820567.3472 17.6
6991820829.4912 17.6
