2.308731884765625 10.83
2.308731982421875 10.83
2.30873203125 10.83
2.3087321044921874 10.83
2.30873203125 10.83
2.3087320556640627 10.83
2.30873193359375 10.83
2.30873203125 10.83
2.308731982421875 10.83
2.30873203125 10.83
2.3087320068359376 10.83
2.308731884765625 10.83
2.3087319091796874 10.83
2.308731982421875 10.83
2.3087319580078125 10.83
2.3087319580078125 10.83
2.3087320068359376 10.83
2.3087320068359376 10.83
2.3087319580078125 10.83
2.308731884765625 10.83
2.3087322021484376 10.83
2.3087320556640627 10.83
2.3087319580078125 10.83
2.3087320068359376 10.83
2.30873193359375 10.83
2.3087319091796874 10.83
2.30873203125 10.83
2.3087319091796874 10.83
2.308731982421875 10.83
2.30873193359375 10.83
