2.3987077392578127 12.09
2.382214794921875 13.05
2.3746813232421875 13.01
2.37007666015625 12.94
2.368007568359375 12.93
2.3661788330078126 12.89
2.3651622314453125 12.92
2.3645765380859376 12.93
2.3641597900390625 12.91
2.3639191162109374 12.9
2.3637871826171875 12.89
2.36366201171875 12.92
2.3635829833984374 12.94
2.363534228515625 12.94
2.3634880859375 12.95
2.363457666015625 12.95
2.3634390380859376 12.95
2.363423876953125 12.95
2.363415087890625 12.95
2.363409814453125 12.95
2.3634047607421875 12.95
2.36340107421875 12.96
2.363398681640625 12.96
2.3633970703125 12.96
2.36339521484375 12.96
2.3633940185546876 12.96
2.3633930419921874 12.96
2.3633924072265624 12.96
2.3633919189453123 12.96
2.3633915771484375 12.96
