3.539111962890625 6.64
3.596283740234375 9.85
7.594116015625 11.08
13.7654373046875 11.03
16.90879375 10.93
18.951156640625 11.06
20.1820650390625 11.01
21.260383203125 10.99
22.316983984375 10.98
22.9120056640625 10.94
23.0256205078125 11.01
23.1062740234375 10.98
23.1641716796875 10.96
23.1969677734375 10.94
23.21920546875 10.95
23.2383583984375 10.95
23.2503537109375 10.95
23.2567591796875 10.97
23.2605208984375 10.97
23.2635091796875 10.96
23.2644099609375 10.97
23.2657353515625 10.96
23.2658943359375 10.99
23.265470703125 11.0
23.2648654296875 10.99
23.2636228515625 10.99
23.26204296875 10.99
23.260742578125 10.99
23.259733984375 10.99
23.2590373046875 10.99
