2.3112411376953124 10.0
2.311241064453125 10.0
2.3112410400390626 10.0
2.3112411865234375 10.0
2.31124111328125 10.0
2.3112409912109375 10.0
2.3112411376953124 10.0
2.3112410400390626 10.0
2.311241162109375 10.0
2.311241064453125 10.0
2.3112410888671877 10.0
2.3112411376953124 10.0
2.3112411865234375 10.0
2.3112412353515626 10.0
2.311241015625 10.0
2.311241162109375 10.0
2.3112411376953124 10.0
2.311241064453125 10.0
2.3112412109375 10.0
2.3112411376953124 10.0
2.311241259765625 10.0
2.3112412109375 10.0
2.3112410888671877 10.0
2.3112410400390626 10.0
2.31124111328125 10.0
2.3112410888671877 10.0
2.31124111328125 10.0
2.311241162109375 10.0
2.3112410400390626 10.0
2.3112410888671877 10.0
