251273251157495.0 10.0
1485318122103006.8 10.0
2877655466159531.5 9.96
4135410841501565.0 9.97
5079933660958818.0 9.97
5732381057126446.0 9.96
6134380760134373.0 9.96
6394380020755726.0 9.96
6562934383635648.0 9.96
6667155111711605.0 9.96
6734070179915262.0 9.96
6776510669040438.0 9.96
6804677408164990.0 9.96
6822914457779097.0 9.96
6834563893426546.0 9.96
6842633759018608.0 9.96
6846082102361221.0 9.96
6842163607846571.0 9.96
6837012340894859.0 9.96
6832113027032652.0 9.96
6825784458005499.0 9.96
6823081748473263.0 9.96
6823009895388388.0 9.96
6823009840412806.0 9.96
6823009400608155.0 9.96
6823009455583737.0 9.96
6823009400608155.0 9.96
6823009400608155.0 9.96
6823009620510481.0 9.96
6823009565534899.0 9.96
