2.61431875 7.18
2.8235333984375 13.49
3.27501943359375 8.21
2.643075830078125 6.19
2.3679171875 11.38
2.3025853271484373 11.35
2.30194697265625 11.35
2.3018871826171874 11.35
2.3019167724609373 11.35
2.301912109375 11.35
2.3019102783203125 11.35
2.301910546875 11.35
2.3019103271484376 11.35
2.3019103271484376 11.35
2.30190947265625 11.35
2.3019089599609375 11.35
2.301908984375 11.35
2.301908740234375 11.35
2.3019087646484375 11.35
2.3019086669921873 11.35
2.30190888671875 11.35
2.3019087646484375 11.35
2.30190888671875 11.35
2.301908935546875 11.35
2.301908642578125 11.35
2.30190888671875 11.35
2.3019086181640627 11.35
2.30190869140625 11.35
2.3019085693359376 11.35
2.3019086181640627 11.35
