7.37411318359375 10.0
2.386692626953125 12.9
2.2138723876953126 16.81
2.211489111328125 16.68
2.222797607421875 16.33
2.2064531494140627 15.85
2.1939838623046874 18.3
2.19031611328125 19.26
2.18771005859375 19.27
2.18618134765625 19.38
2.1854614990234373 19.43
2.1849997314453127 19.49
2.1848385498046876 19.58
2.18466865234375 19.6
2.1844138427734374 19.59
2.1841771728515624 19.6
2.18401064453125 19.54
2.1839115478515625 19.54
2.1838428466796875 19.53
2.1838030517578124 19.53
2.1837770263671876 19.53
2.183760888671875 19.53
2.1837529052734377 19.53
2.1837478515625 19.54
2.183744677734375 19.54
2.1837429443359375 19.54
2.18374208984375 19.54
2.18374384765625 19.54
2.18374404296875 19.54
2.1837441162109377 19.54
