19952.7602 10.13
75268.1184 8.55
73194.1304 3.31
99926.9824 2.42
118762.8752 2.75
131875.6912 3.1
140104.3744 3.11
145858.8672 3.19
148862.0848 3.03
151229.6784 3.07
152473.9136 2.89
153497.0928 2.82
154034.1968 2.77
154559.4256 2.74
154849.0096 2.72
155108.4032 2.72
155176.7904 2.71
155287.7536 2.7
155387.4992 2.71
155405.424 2.69
155481.9408 2.69
155555.8368 2.69
155609.4272 2.71
155636.296 2.71
155638.7968 2.71
155638.8288 2.71
155638.8176 2.71
155638.8288 2.71
155638.824 2.71
155638.824 2.71
