63153.0448 14.07
69143.3596 14.08
72538.588 14.08
74865.5552 14.09
76485.764 14.1
77620.1776 14.11
78434.932 14.11
79001.5624 14.1
79398.8856 14.11
79677.1448 14.11
79875.788 14.11
80017.1152 14.11
80121.1888 14.11
80193.9912 14.11
80245.8768 14.11
80285.4512 14.11
80314.5304 14.11
80337.0032 14.11
80354.9192 14.11
80368.6336 14.11
80380.0528 14.11
80390.432 14.11
80396.3728 14.11
80398.4496 14.11
80399.1944 14.11
80399.5704 14.11
80399.6616 14.11
80399.66 14.11
80399.6576 14.11
80399.6568 14.11
