2.3078223388671875 10.0
2.3078222412109377 10.0
2.3078222412109377 10.0
2.3078220703125 10.0
2.3078221435546875 10.0
2.3078221435546875 10.0
2.3078222412109377 10.0
2.30782216796875 10.0
2.3078221923828126 10.0
2.3078221923828126 10.0
2.3078221923828126 10.0
2.307822216796875 10.0
2.307822265625 10.0
2.307822265625 10.0
2.307822314453125 10.0
2.307822314453125 10.0
2.307822265625 10.0
2.307822314453125 10.0
2.3078222900390624 10.0
2.307822119140625 10.0
2.3078222900390624 10.0
2.3078222900390624 10.0
2.3078222412109377 10.0
2.3078221435546875 10.0
2.307822216796875 10.0
2.3078223388671875 10.0
2.30782236328125 10.0
2.307822265625 10.0
2.307822314453125 10.0
2.3078221923828126 10.0
