49.9058015625 3.65
17.82559296875 11.14
22.5010521484375 8.23
4.2685646484375 5.11
2.3153290771484376 13.5
2.3932952392578124 10.5
2.2949090087890625 8.56
2.3165898193359373 7.82
2.3008670166015626 8.84
2.297047998046875 9.15
2.2970182373046875 9.34
2.293076708984375 9.62
2.301934521484375 9.24
2.31148173828125 8.96
2.3053925537109374 9.2
2.301459912109375 9.47
2.29957666015625 9.56
2.298915087890625 9.52
2.298869970703125 9.53
2.2991213623046876 9.52
2.2993963134765627 9.53
2.299614111328125 9.56
2.2997859130859375 9.55
2.2999143310546875 9.55
2.3000019287109374 9.54
2.300066455078125 9.55
2.30011416015625 9.56
2.300147607421875 9.56
2.3001715087890626 9.57
2.3001868896484376 9.57
