385.164103125 4.06
314.3677 11.35
381.026478125 7.56
457.121728125 8.92
456.836975 8.92
456.836965625 8.92
456.83695625 8.92
456.83696875 8.92
456.83696875 8.92
456.8369625 8.92
456.83695 8.92
456.836953125 8.92
456.836965625 8.92
456.836959375 8.92
456.836965625 8.92
456.836975 8.92
456.836971875 8.92
456.836971875 8.92
456.83696875 8.92
456.836953125 8.92
456.8369625 8.92
456.83695 8.92
456.8369625 8.92
456.836971875 8.92
456.836959375 8.92
456.836946875 8.92
456.836946875 8.92
456.83695 8.92
456.836965625 8.92
456.836965625 8.92
