2.36796064453125 6.87
2.3679606201171874 6.87
2.3679605224609377 6.87
2.3679606689453125 6.87
2.3679605712890623 6.87
2.3679606201171874 6.87
2.36796064453125 6.87
2.3679605712890623 6.87
2.3679605712890623 6.87
2.3679606689453125 6.87
2.3679607421875 6.87
2.367960595703125 6.87
2.3679605712890623 6.87
2.3679605712890623 6.87
2.36796064453125 6.87
2.367960693359375 6.87
2.36796064453125 6.87
2.3679606689453125 6.87
2.3679607177734376 6.87
2.367960693359375 6.87
2.3679605712890623 6.87
2.3679605712890623 6.87
2.3679604736328126 6.87
2.3679606689453125 6.87
2.367960546875 6.87
2.36796064453125 6.87
2.3679606689453125 6.87
2.3679606201171874 6.87
2.3679606689453125 6.87
2.36796064453125 6.87
