19366.2116 10.0
108.60508046875 13.44
523.95293125 12.73
302.92668125 12.19
101.91847265625 6.65
2565.84375 10.0
3421297.7408 10.0
3657594.2144 10.0
3820562.7904 10.0
3932506.2912 10.0
4009878.4768 10.0
4065123.5072 10.0
4104632.6528 10.0
4132224.0768 10.0
4152138.8288 10.0
4165702.5792 10.0
4175508.2496 10.0
4182425.8816 10.0
4187231.7952 10.0
4190549.76 10.0
4193043.5072 10.0
4193981.8496 10.0
4194622.3872 10.0
4195023.6928 10.0
4195083.2384 10.0
4195083.1616 10.0
4195082.5984 10.0
4195082.7264 10.0
4195082.7008 10.0
4195082.7264 10.0
