2.2806948486328125 13.18
2.253532568359375 17.31
2.221680859375 18.83
2.207021826171875 19.14
2.1975198974609373 19.03
2.192649951171875 18.71
2.1901384765625 18.68
2.185808984375 18.38
2.253161669921875 15.89
2.362744287109375 13.6
2.3389517333984373 12.09
2.34367841796875 10.0
2.338706396484375 10.0
2.29437958984375 10.0
2.271372998046875 13.0
2.259129150390625 13.85
2.252184814453125 13.72
2.2481152099609374 13.59
2.2456606201171874 13.39
2.2441046875 13.25
2.2431375244140623 13.1
2.2425064453125 13.05
2.2420929931640625 13.02
2.2418608642578124 13.03
2.24181591796875 13.04
2.2418171142578127 13.04
2.24181806640625 13.02
2.2418147705078124 13.02
2.241812255859375 13.0
2.2418077880859375 13.0
