15.83246494140625 10.32
98.00856796875 8.92
126.64542421875 8.94
2.3899593505859373 9.58
2.3899592041015625 9.58
2.38995927734375 9.58
2.3899593017578127 9.58
2.389959326171875 9.58
2.3899592041015625 9.58
2.38995927734375 9.58
2.389959228515625 9.58
2.389959423828125 9.58
2.3899593017578127 9.58
2.3899593017578127 9.58
2.389959326171875 9.58
2.3899593017578127 9.58
2.389959326171875 9.58
2.38995927734375 9.58
2.3899593017578127 9.58
2.3899594482421875 9.58
2.3899593505859373 9.58
2.389959326171875 9.58
2.3899593994140624 9.58
2.389959423828125 9.58
2.3899593017578127 9.58
2.3899593505859373 9.58
2.3899593017578127 9.58
2.389959326171875 9.58
2.3899593505859373 9.58
2.3899592041015625 9.58
