10.37885322265625 8.17
10.37885380859375 8.17
10.37885341796875 8.17
10.37885341796875 8.17
10.3788537109375 8.17
10.37885361328125 8.17
10.378853515625 8.17
10.37885302734375 8.17
10.37885419921875 8.17
10.37885302734375 8.17
10.378853125 8.17
10.37885341796875 8.17
10.378853125 8.17
10.3788533203125 8.17
10.3788529296875 8.17
10.3788533203125 8.17
10.37885322265625 8.17
10.378853515625 8.17
10.3788533203125 8.17
10.37885361328125 8.17
10.3788533203125 8.17
10.3788537109375 8.17
10.378853515625 8.17
10.3788533203125 8.17
10.3788537109375 8.17
10.3788533203125 8.17
10.3788537109375 8.17
10.3788533203125 8.17
10.37885361328125 8.17
10.378853125 8.17
