2.29676025390625 8.9
2.296760400390625 8.9
2.29676025390625 8.9
2.2967602783203125 8.9
2.2967603759765627 8.9
2.2967602294921874 8.9
2.2967603515625 8.9
2.296760302734375 8.9
2.2967602783203125 8.9
2.29676025390625 8.9
2.2967603271484376 8.9
2.2967603759765627 8.9
2.296760400390625 8.9
2.2967602294921874 8.9
2.29676025390625 8.9
2.29676025390625 8.9
2.2967603271484376 8.9
2.296760302734375 8.9
2.29676025390625 8.9
2.2967603759765627 8.9
2.2967603759765627 8.9
2.2967602783203125 8.9
2.2967603271484376 8.9
2.2967602783203125 8.9
2.2967603515625 8.9
2.2967603515625 8.9
2.2967602783203125 8.9
2.296760302734375 8.9
2.2967603759765627 8.9
2.2967602783203125 8.9
