1010324557.0048 5.57
1382657975.9104 5.57
1854022929.6128 5.57
2353097827.9424 5.56
2798820366.7456 5.56
3193558820.4544 5.57
3531617101.4144 5.57
3803094423.9616 5.55
4014135679.3856 5.55
4170954493.1328 5.56
4288810057.728 5.56
4375060414.464 5.56
4438506497.6384 5.56
4484691709.1328 5.57
4517583467.3152 5.57
4541891425.0752 5.57
4559309111.296 5.57
4571828007.7312 5.57
4581051124.9408 5.57
4588098709.0944 5.57
4592874894.1312 5.57
4596455886.0288 5.57
4599159665.4592 5.57
4601428626.6368 5.57
4602964135.1168 5.57
4603580566.7328 5.57
4604120635.8016 5.57
4604663221.4528 5.57
4605160613.4784 5.57
4605164126.208 5.57
