2.311764892578125 10.0
2.3117649658203123 10.0
2.3117650390625 10.0
2.311764892578125 10.0
2.311764990234375 10.0
2.311764990234375 10.0
2.31176484375 10.0
2.31176484375 10.0
2.31176494140625 10.0
2.3117650634765625 10.0
2.3117650634765625 10.0
2.31176513671875 10.0
2.3117648681640626 10.0
2.3117649169921877 10.0
2.3117649169921877 10.0
2.3117648193359375 10.0
2.311764990234375 10.0
2.3117649658203123 10.0
2.311764990234375 10.0
2.3117649169921877 10.0
2.3117648681640626 10.0
2.311764990234375 10.0
2.3117649658203123 10.0
2.31176484375 10.0
2.3117650146484374 10.0
2.311764990234375 10.0
2.3117650146484374 10.0
2.31176494140625 10.0
2.3117650146484374 10.0
2.31176494140625 10.0
