2.3109823486328125 10.0
2.31098232421875 10.0
2.3109825439453124 10.0
2.3109822509765623 10.0
2.310982177734375 10.0
2.3109823974609376 10.0
2.3109823486328125 10.0
2.3109822998046874 10.0
2.310982373046875 10.0
2.310982275390625 10.0
2.310982275390625 10.0
2.3109822998046874 10.0
2.310982275390625 10.0
2.31098232421875 10.0
2.3109823974609376 10.0
2.3109824462890627 10.0
2.310982177734375 10.0
2.310982373046875 10.0
2.31098232421875 10.0
2.3109823486328125 10.0
2.3109823486328125 10.0
2.310982373046875 10.0
2.3109823486328125 10.0
2.310982275390625 10.0
2.3109822998046874 10.0
2.3109823974609376 10.0
2.3109823486328125 10.0
2.310982373046875 10.0
2.3109823486328125 10.0
2.310982470703125 10.0
