292575.9552 10.0
442328.4192 10.0
798901.2032 10.0
801938.4128 10.0
801938.4384 10.0
801938.4704 10.0
801938.464 10.0
801938.4384 10.0
801938.4064 10.0
801938.4448 10.0
801938.4704 10.0
801938.4256 10.0
801938.4256 10.0
801938.464 10.0
801938.4128 10.0
801938.432 10.0
801938.4512 10.0
801938.464 10.0
801938.4512 10.0
801938.4768 10.0
801938.4256 10.0
801938.4256 10.0
801938.4512 10.0
801938.4448 10.0
801938.4064 10.0
801938.4448 10.0
801938.4128 10.0
801938.3936 10.0
801938.432 10.0
801938.4128 10.0
