2.303256591796875 9.95
2.3032564453125 9.95
2.3032565673828125 9.95
2.3032564697265623 9.95
2.30325654296875 9.95
2.3032565185546874 9.95
2.3032564208984376 9.95
2.303256591796875 9.95
2.3032565673828125 9.95
2.3032565673828125 9.95
2.3032564453125 9.95
2.3032565185546874 9.95
2.303256494140625 9.95
2.303256494140625 9.95
2.3032565673828125 9.95
2.30325654296875 9.95
2.3032564697265623 9.95
2.3032565185546874 9.95
2.30325654296875 9.95
2.3032564697265623 9.95
2.303256396484375 9.95
2.303256494140625 9.95
2.3032565673828125 9.95
2.303256591796875 9.95
2.303256494140625 9.95
2.3032566162109376 9.95
2.303256494140625 9.95
2.303256494140625 9.95
2.3032565673828125 9.95
2.3032564697265623 9.95
