1.975218505859375 24.76
2.0742698852539063 27.68
2.0566162719726564 27.91
2.2258487060546877 27.56
2.2432581787109376 28.49
2.30104091796875 28.32
2.326903662109375 27.93
2.3498331298828123 27.81
2.3659972900390627 27.83
2.3764644775390624 27.85
2.3793162841796875 27.79
2.3815200439453124 27.74
2.3794275146484374 27.59
2.37776796875 27.37
2.3761224609375 27.24
2.37480751953125 27.18
2.373796337890625 27.15
2.3730868408203123 27.14
2.3725423095703126 27.06
2.3722052490234375 27.02
2.3719959228515624 27.02
2.37186044921875 27.0
2.371787548828125 26.97
2.3717447998046874 26.95
2.37173125 26.95
2.371723974609375 26.95
2.37171923828125 26.96
2.371716796875 26.96
2.3717156005859374 26.96
2.3717140380859374 26.96
