387.89299375 9.8
55.758415625 3.02
9.45646044921875 5.52
2.663050634765625 8.37
3.01014248046875 16.31
3.090915966796875 15.82
3.3283260009765625 16.87
3.0954198974609377 13.78
2.990850927734375 12.23
2.930086767578125 10.61
3.1578338134765627 15.9
2.8692563720703124 9.6
2.9265870849609374 11.22
2.940569921875 10.23
2.94647099609375 10.03
2.9599382080078125 10.03
2.973694482421875 9.89
2.969285693359375 9.77
2.9818866455078124 9.7
2.9914928466796873 9.72
2.991415380859375 9.65
2.9929957275390624 9.61
2.99996865234375 9.66
3.00147919921875 9.69
3.0029255859375 9.69
3.000101318359375 9.68
2.9989479248046873 9.64
2.997522607421875 9.59
2.9958777587890624 9.6
2.9954925048828125 9.6
