2.0810158447265623 19.52
2.051266589355469 19.93
2.044257666015625 20.51
2.0405976196289064 20.36
2.038582189941406 20.81
2.037309228515625 21.01
2.0366976806640626 20.82
2.0362331787109373 20.87
2.0359029296875 20.97
2.0356921630859377 20.95
2.0355395385742185 20.95
2.03542099609375 20.89
2.0353489868164063 20.9
2.0353013793945314 20.89
2.0352627563476564 20.88
2.035240002441406 20.87
2.0352203979492187 20.86
2.03520498046875 20.86
2.0351976928710935 20.86
2.035193005371094 20.86
2.035189025878906 20.86
2.035186022949219 20.86
2.0351838623046876 20.86
2.035182458496094 20.86
2.035181359863281 20.86
2.035180676269531 20.86
2.0351802734375 20.86
2.0351800537109375 20.86
2.035179602050781 20.86
2.0351795776367188 20.86
