4359695110661.7344 6.07
12082817067594.547 7.59
12885652433534.977 7.63
12940944339265.127 7.64
12948671629675.725 7.61
12957107482315.98 7.6
12961459035806.105 7.59
12962956690902.22 7.59
12962985145060.557 7.59
12956083562112.615 7.59
12945022625461.043 7.59
12933816733663.232 7.59
12924500949598.207 7.59
12924475501916.979 7.59
12925479665270.783 7.59
12925835288562.893 7.58
12925839583530.19 7.58
12925839905652.736 7.58
12925839154033.459 7.58
12925840013026.918 7.58
12925839261407.64 7.58
12925839046659.277 7.58
12925839046659.277 7.58
12925839583530.19 7.58
12925839583530.19 7.58
12925840013026.918 7.58
12925839261407.64 7.58
12925839046659.277 7.58
12925839583530.19 7.58
12925839690904.371 7.58
