2.3078406005859375 8.91
2.3078405517578124 8.91
2.30784052734375 8.91
2.3078406494140626 8.91
2.307840673828125 8.91
2.307840771484375 8.91
2.307840673828125 8.91
2.307840625 8.91
2.3078406005859375 8.91
2.30784052734375 8.91
2.30784052734375 8.91
2.3078405517578124 8.91
2.307840673828125 8.91
2.307840576171875 8.91
2.307840625 8.91
2.307840625 8.91
2.3078406005859375 8.91
2.307840576171875 8.91
2.3078406982421873 8.91
2.307840673828125 8.91
2.3078406005859375 8.91
2.307840625 8.91
2.3078406494140626 8.91
2.3078406005859375 8.91
2.3078405517578124 8.91
2.307840673828125 8.91
2.307840576171875 8.91
2.3078406494140626 8.91
2.3078405517578124 8.91
2.3078406982421873 8.91
