16.33072548828125 9.94
16.330725390625 9.94
16.3307251953125 9.94
16.33072587890625 9.94
16.330725 9.94
16.33072548828125 9.94
16.33072490234375 9.94
16.3307251953125 9.94
16.3307251953125 9.94
16.3307255859375 9.94
16.3307251953125 9.94
16.33072490234375 9.94
16.33072607421875 9.94
16.33072568359375 9.94
16.330725 9.94
16.33072548828125 9.94
16.3307255859375 9.94
16.330725390625 9.94
16.3307255859375 9.94
16.33072529296875 9.94
16.33072490234375 9.94
16.330725 9.94
16.33072529296875 9.94
16.3307255859375 9.94
16.33072529296875 9.94
16.33072568359375 9.94
16.33072529296875 9.94
16.33072451171875 9.94
16.3307255859375 9.94
16.33072587890625 9.94
