2.2682018310546876 17.64
14.5113521484375 19.52
21.5835888671875 21.55
21.9887748046875 21.6
26.5700728515625 21.28
30.4785455078125 21.13
32.7378521484375 21.14
35.3233642578125 21.12
35.976303125 21.21
36.537454296875 21.33
36.974440234375 21.43
37.26229453125 21.45
37.4561328125 21.51
37.58233515625 21.53
37.668478515625 21.53
37.727803125 21.52
37.76841875 21.52
37.7960203125 21.54
37.81413984375 21.54
37.826111328125 21.53
37.83313046875 21.53
37.837002734375 21.53
37.8390921875 21.53
37.840218359375 21.53
37.840938671875 21.53
37.84119140625 21.53
37.84101484375 21.53
37.84089765625 21.53
37.840777734375 21.53
37.84071953125 21.53
