49.452498828125 10.14
129.2261390625 11.03
1086.7156375 9.27
4947.26715 10.14
6307.3889 10.19
7226.37585 10.2
7818.5073 10.22
8250.74535 10.24
7942.41965 10.23
8822.4987 10.24
9756.1446 10.23
10568.4311 10.23
11225.2663 10.23
11736.0922 10.23
12122.8607 10.24
12412.6142 10.24
12626.4797 10.24
12783.2889 10.24
12897.1938 10.24
12979.3634 10.24
13038.5661 10.24
13080.9082 10.24
13111.0458 10.24
13132.3398 10.24
13147.2537 10.24
13157.7095 10.24
13164.3495 10.24
13168.9405 10.24
13172.2567 10.24
13174.4964 10.24
