43.562184375 16.45
18.300805078125 18.12
20.7137021484375 18.07
22.7164482421875 18.06
24.53112578125 18.28
21.1620630859375 18.05
17.821286328125 17.87
16.208374609375 17.8
12.67855263671875 17.83
12.668362109375 18.09
14.56472529296875 18.35
14.32539892578125 18.47
34.459975390625 15.16
74.8015390625 14.94
413.53170625 14.03
1059.46854375 14.08
1922.680725 14.09
2866.6639 14.09
3743.56235 14.1
4486.434 14.1
5075.1992 14.1
5523.52485 14.1
5852.2322 14.1
6088.67925 14.1
6256.71455 14.1
6375.06685 14.1
6457.7282 14.1
6515.55705 14.1
6555.93425 14.1
6583.9298 14.1
