233.4245609375 14.78
433.8738875 14.74
486.3770375 14.64
450.299296875 14.38
217.2128046875 12.52
94.49258828125 7.07
80.0228296875 5.16
112.42373671875 7.21
128.02734453125 7.59
135.2037359375 7.6
139.5721140625 7.54
141.5221140625 7.42
143.1047328125 7.35
143.7871328125 7.29
144.3969375 7.24
144.7333421875 7.24
145.00858125 7.23
145.2062171875 7.23
145.3544765625 7.21
145.4501953125 7.21
145.52454375 7.21
145.5801515625 7.2
145.619878125 7.2
145.6531015625 7.2
145.6781984375 7.2
145.6892359375 7.2
145.697046875 7.2
145.7055953125 7.2
145.7126984375 7.2
145.7165984375 7.2
