2.308775634765625 8.82
2.3087755615234373 8.82
2.3087755859375 8.82
2.30877568359375 8.82
2.3087755859375 8.82
2.3087755126953127 8.82
2.308775537109375 8.82
2.3087758056640624 8.82
2.30877568359375 8.82
2.3087755615234373 8.82
2.3087755615234373 8.82
2.30877548828125 8.82
2.3087755126953127 8.82
2.308775537109375 8.82
2.308775537109375 8.82
2.308775537109375 8.82
2.308775537109375 8.82
2.3087755126953127 8.82
2.3087755615234373 8.82
2.3087755615234373 8.82
2.30877548828125 8.82
2.3087756591796875 8.82
2.308775634765625 8.82
2.3087755615234373 8.82
2.308775634765625 8.82
2.3087754638671876 8.82
2.3087755126953127 8.82
2.30877568359375 8.82
2.3087756591796875 8.82
2.308775537109375 8.82
