2.375609375 8.45
2.3756094482421877 8.45
2.375609326171875 8.45
2.3756093994140626 8.45
2.375609375 8.45
2.375609326171875 8.45
2.375609423828125 8.45
2.3756093017578124 8.45
2.3756093505859375 8.45
2.37560947265625 8.45
2.375609423828125 8.45
2.37560927734375 8.45
2.3756094482421877 8.45
2.375609326171875 8.45
2.3756093017578124 8.45
2.3756092529296877 8.45
2.375609375 8.45
2.3756093505859375 8.45
2.3756094482421877 8.45
2.375609326171875 8.45
2.375609375 8.45
2.3756092529296877 8.45
2.375609375 8.45
2.37560947265625 8.45
2.3756094482421877 8.45
2.375609375 8.45
2.375609423828125 8.45
2.37560927734375 8.45
2.3756094482421877 8.45
2.375609326171875 8.45
