2.75052724609375 14.49
1.7682859008789062 43.87
1.1112267822265625 55.34
1.174475146484375 56.01
1.3857463256835938 52.85
1.5168420654296875 50.54
1.5885700561523437 49.22
1.5958710327148438 49.93
1.6028253173828124 48.76
1.597422412109375 48.65
1.5903464599609376 48.03
1.5769559448242187 48.02
1.5698921020507812 47.9
1.565941015625 47.8
1.5636465698242188 47.75
1.5608802490234375 47.76
1.5582234619140625 47.81
1.5574735107421875 47.79
1.5570073852539061 47.77
1.5564730102539062 47.78
1.556119482421875 47.79
1.5558969604492188 47.78
1.5556969848632813 47.78
1.55557099609375 47.78
1.5554522094726562 47.78
1.5553513549804687 47.78
1.5552570068359375 47.79
1.5551636962890625 47.79
1.5550715942382813 47.79
1.5549376708984375 47.78
