2.347030810546875 10.85
2.347030908203125 10.85
2.347030908203125 10.85
2.347030810546875 10.85
2.3470308837890625 10.85
2.347030908203125 10.85
2.3470310546875 10.85
2.3470307861328124 10.85
2.3470308837890625 10.85
2.34703095703125 10.85
2.3470307861328124 10.85
2.347030908203125 10.85
2.3470308837890625 10.85
2.3470310302734374 10.85
2.347030859375 10.85
2.347030859375 10.85
2.347030810546875 10.85
2.347030908203125 10.85
2.347030859375 10.85
2.3470308349609375 10.85
2.3470309326171876 10.85
2.3470309326171876 10.85
2.347030859375 10.85
2.347030859375 10.85
2.347030810546875 10.85
2.347030810546875 10.85
2.347030810546875 10.85
2.3470308349609375 10.85
2.3470307861328124 10.85
2.347030859375 10.85
