6512858557631.692 11.83
214773108965585.72 13.77
498183794794797.44 12.33
666614713442684.1 12.31
770205744337466.1 12.26
847150344579317.8 12.38
907484760099310.8 12.37
954721600694701.2 12.23
991126815519434.4 12.16
1018664558401473.8 12.24
1039138976739151.0 12.26
1054064840214262.6 12.25
1064797606145687.5 12.21
1072399169119636.6 12.23
1077710607427724.9 12.22
1081477905349659.9 12.21
1084084572541209.8 12.24
1085885600075297.6 12.22
1087112153399715.4 12.21
1087928327752961.2 12.21
1088607983993723.2 12.21
1089227455716760.0 12.21
1089835327592123.6 12.21
1090143919274354.2 12.22
1090452930145393.0 12.22
1090725361638965.2 12.22
1090725354767017.6 12.22
1090725320407279.2 12.22
1090725375382860.6 12.22
1090725320407279.2 12.22
