2.30634521484375 10.0
2.30634521484375 10.0
2.3063453125 10.0
2.306345361328125 10.0
2.3063452880859376 10.0
2.3063453125 10.0
2.3063453125 10.0
2.3063453125 10.0
2.3063452880859376 10.0
2.3063451904296874 10.0
2.3063453369140623 10.0
2.3063452392578125 10.0
2.306345361328125 10.0
2.306345166015625 10.0
2.306345361328125 10.0
2.30634541015625 10.0
2.306345361328125 10.0
2.3063452880859376 10.0
2.306345263671875 10.0
2.3063452392578125 10.0
2.3063453857421874 10.0
2.3063451904296874 10.0
2.30634521484375 10.0
2.3063454345703125 10.0
2.3063453369140623 10.0
2.3063453369140623 10.0
2.3063453369140623 10.0
2.30634521484375 10.0
2.3063452880859376 10.0
2.3063453857421874 10.0
