4.871453125 9.25
3.1001368408203125 4.97
2.6397887939453124 4.71
2.4754517333984376 4.74
2.4097131103515625 4.52
2.38378876953125 4.52
2.356221337890625 4.46
2.340130078125 4.41
2.329688818359375 6.63
2.32356162109375 6.64
2.3196825927734377 6.64
2.3174052734375 6.65
2.3157211669921876 6.6
2.3146439697265624 6.59
2.3139822021484373 6.56
2.3135911865234373 6.57
2.313278662109375 6.58
2.31305986328125 6.57
2.31290244140625 6.57
2.31279365234375 6.57
2.3127319580078125 6.57
2.3126822021484377 6.57
2.3126375 6.57
2.312616650390625 6.57
2.312600390625 6.57
2.312588134765625 6.57
2.3125770263671876 6.57
2.3125708740234376 6.57
2.3125705322265624 6.57
2.312570361328125 6.57
