2.299507373046875 10.31
2.2995074951171874 10.31
2.2995075439453125 10.31
2.2995074462890623 10.31
2.2995073974609377 10.31
2.2995074951171874 10.31
2.29950751953125 10.31
2.2995075927734376 10.31
2.2995074951171874 10.31
2.299507470703125 10.31
2.2995074951171874 10.31
2.299507421875 10.31
2.29950751953125 10.31
2.2995075439453125 10.31
2.299507568359375 10.31
2.299507470703125 10.31
2.299507373046875 10.31
2.2995075439453125 10.31
2.2995074462890623 10.31
2.299507421875 10.31
2.2995074462890623 10.31
2.2995074951171874 10.31
2.2995073974609377 10.31
2.2995075439453125 10.31
2.2995075927734376 10.31
2.2995074462890623 10.31
2.2995074951171874 10.31
2.299507470703125 10.31
2.29950751953125 10.31
2.299507470703125 10.31
