26.220038671875 7.78
26.2200375 7.78
26.220038671875 7.78
26.220039453125 7.78
26.2200388671875 7.78
26.2200390625 7.78
26.220037890625 7.78
26.2200384765625 7.78
26.220038671875 7.78
26.22003828125 7.78
26.220037890625 7.78
26.2200396484375 7.78
26.22003828125 7.78
26.2200376953125 7.78
26.220037890625 7.78
26.220040234375 7.78
26.2200384765625 7.78
26.220037890625 7.78
26.22003828125 7.78
26.2200384765625 7.78
26.22003828125 7.78
26.2200384765625 7.78
26.220039453125 7.78
26.2200380859375 7.78
26.220037890625 7.78
26.22003828125 7.78
26.2200384765625 7.78
26.2200375 7.78
26.22003828125 7.78
26.2200384765625 7.78
