90.4042234375 9.72
40.30871171875 13.55
214.304159375 13.75
415.325253125 13.87
597.82741875 13.92
749.78131875 13.96
873.8970875 13.99
961.16999375 13.99
1025.9238 13.99
1076.88176875 13.99
1114.504575 14.01
1141.9734 14.01
1161.4276625 14.01
1175.3694375 14.02
1185.122325 14.01
1191.8726875 14.01
1196.6912125 14.02
1200.0976 14.03
1202.482925 14.03
1204.1925375 14.03
1205.4212875 14.03
1206.3346875 14.03
1207.00385 14.03
1207.495725 14.03
1207.87 14.03
1208.1391125 14.03
1208.3702 14.03
1208.5594 14.03
1208.6174625 14.03
1208.6191375 14.03
