759.9955625 8.92
165.4042078125 9.26
96.84438359375 17.96
10.2158443359375 10.58
5.165802734375 17.38
3.9529097412109375 17.53
2.9048771240234377 17.81
3.23294736328125 20.42
5.330076318359375 20.28
6.689117431640625 20.29
7.726054736328125 20.3
8.54405966796875 20.29
9.20880830078125 20.26
9.63029208984375 20.25
9.89035341796875 20.23
10.07006923828125 20.23
10.20746337890625 20.19
10.30438427734375 20.16
10.37131103515625 20.16
10.41565986328125 20.16
10.44716796875 20.16
10.469185546875 20.15
10.4845837890625 20.14
10.49579970703125 20.14
10.503290234375 20.14
10.50850859375 20.14
10.51211396484375 20.14
10.51467548828125 20.14
10.51650927734375 20.14
10.51785703125 20.14
