2.3103103271484375 10.0
2.3103102783203124 10.0
2.310310205078125 10.0
2.3103102294921873 10.0
2.3103101806640627 10.0
2.31031015625 10.0
2.3103103759765626 10.0
2.31031025390625 10.0
2.3103103515625 10.0
2.31031025390625 10.0
2.310310302734375 10.0
2.310310302734375 10.0
2.310310205078125 10.0
2.3103102783203124 10.0
2.3103102783203124 10.0
2.31031015625 10.0
2.310310302734375 10.0
2.31031025390625 10.0
2.3103102294921873 10.0
2.310310205078125 10.0
2.31031025390625 10.0
2.310310302734375 10.0
2.310310205078125 10.0
2.3103103515625 10.0
2.3103102294921873 10.0
2.3103103759765626 10.0
2.3103103515625 10.0
2.310310302734375 10.0
2.3103101806640627 10.0
2.3103102783203124 10.0
