29.0035927734375 12.26
8.228330224609374 10.47
300773576749.8752 10.0
960293307148979.4 10.0
1487397326078922.0 10.0
1423198711302848.5 10.0
1310954915598486.8 10.0
1225190246108994.0 10.0
1254489289795620.0 10.0
1194802988276567.2 10.0
1148138903903928.2 10.0
1119519949390767.8 10.0
1102601056163568.0 10.0
1091430712092078.9 10.0
1082801339392380.1 10.0
1076648616634246.8 10.0
1072326244010924.5 10.0
1069364221533225.0 10.0
1067325513944950.4 10.0
1065961116222147.8 10.0
1064981870550607.5 10.0
1064306990313478.5 10.0
1063867075711205.4 10.0
1063603612109347.2 10.0
1063344519066209.5 10.0
1063320034316648.5 10.0
1063304469355167.8 10.0
1063300676040051.9 10.0
1063300490497464.8 10.0
1063300586704732.1 10.0
