18.0885400390625 8.88
9.06693701171875 6.46
9.0722046875 6.45
9.072204296875 6.45
9.0722052734375 6.45
9.07220546875 6.45
9.0722046875 6.45
9.072205078125 6.45
9.07220458984375 6.45
9.07220478515625 6.45
9.07220478515625 6.45
9.072205078125 6.45
9.07220498046875 6.45
9.0722046875 6.45
9.0722044921875 6.45
9.07220478515625 6.45
9.07220419921875 6.45
9.07220517578125 6.45
9.07220478515625 6.45
9.07220517578125 6.45
9.0722044921875 6.45
9.0722048828125 6.45
9.0722052734375 6.45
9.072205078125 6.45
9.07220478515625 6.45
9.0722048828125 6.45
9.07220478515625 6.45
9.07220458984375 6.45
9.07220478515625 6.45
9.07220478515625 6.45
