2.0947462890625 21.1
2.2681549560546874 19.11
2.2681548583984377 19.11
2.268154833984375 19.11
2.268154833984375 19.11
2.2681548828125 19.11
2.268154931640625 19.11
2.2681548583984377 19.11
2.26815478515625 19.11
2.26815478515625 19.11
2.26815498046875 19.11
2.268154833984375 19.11
2.2681547119140624 19.11
2.268154736328125 19.11
2.268154736328125 19.11
2.2681548828125 19.11
2.2681548095703126 19.11
2.2681548583984377 19.11
2.2681549072265623 19.11
2.26815498046875 19.11
2.26815478515625 19.11
2.2681549072265623 19.11
2.2681548828125 19.11
2.268154833984375 19.11
2.2681549560546874 19.11
2.268154833984375 19.11
2.268154833984375 19.11
2.2681548583984377 19.11
2.268154833984375 19.11
2.2681548828125 19.11
