11.41801162109375 9.82
12751.104 10.32
17798349.2096 10.32
42779249.8688 10.32
55841965.6704 10.32
62616732.8768 10.32
65812187.5456 10.32
66104423.6288 10.32
66279042.6624 10.32
66389359.0016 10.32
66462262.8864 10.32
66509893.632 10.32
66537101.7216 10.32
66555315.4048 10.32
66567922.4832 10.32
66576547.4304 10.32
66581288.5504 10.32
66581567.0784 10.32
66581463.4496 10.32
66581381.12 10.32
66581325.824 10.32
66581295.5136 10.32
66581268.0704 10.32
66581250.048 10.32
66581238.9888 10.32
66581225.8816 10.32
66581219.328 10.32
66581220.5568 10.32
66581214.8224 10.32
66581216.4608 10.32
