2.3157120361328123 9.82
2.3157119873046876 9.82
2.3157120361328123 9.82
2.315712060546875 9.82
2.315712060546875 9.82
2.3157119384765625 9.82
2.315712060546875 9.82
2.3157120849609374 9.82
2.3157119384765625 9.82
2.3157119384765625 9.82
2.3157120361328123 9.82
2.3157120361328123 9.82
2.315712060546875 9.82
2.31571201171875 9.82
2.3157119873046876 9.82
2.3157120849609374 9.82
2.3157119384765625 9.82
2.3157119384765625 9.82
2.3157120361328123 9.82
2.3157121337890625 9.82
2.315712060546875 9.82
2.315711962890625 9.82
2.315712060546875 9.82
2.3157120361328123 9.82
2.3157121337890625 9.82
2.31571201171875 9.82
2.315711962890625 9.82
2.315712109375 9.82
2.31571201171875 9.82
2.3157120361328123 9.82
