3.001539990234375 1.85
3.00153984375 1.85
3.0015399658203124 1.85
3.001539892578125 1.85
3.00153994140625 1.85
3.0015399658203124 1.85
3.001540087890625 1.85
3.00153984375 1.85
3.0015400146484374 1.85
3.001539892578125 1.85
3.0015398681640626 1.85
3.00153984375 1.85
3.00153994140625 1.85
3.0015400634765625 1.85
3.0015399658203124 1.85
3.0015398681640626 1.85
3.0015398193359375 1.85
3.00153984375 1.85
3.001540087890625 1.85
3.0015399169921877 1.85
3.0015401611328123 1.85
3.0015400390625 1.85
3.0015399169921877 1.85
3.00153994140625 1.85
3.0015400634765625 1.85
3.00153984375 1.85
3.0015398193359375 1.85
3.001539892578125 1.85
3.001539990234375 1.85
3.001539990234375 1.85
