2.3052949951171877 10.0
2.3052950439453124 10.0
2.305295068359375 10.0
2.3052949951171877 10.0
2.30529501953125 10.0
2.3052949951171877 10.0
2.305295166015625 10.0
2.3052951904296877 10.0
2.30529501953125 10.0
2.30529501953125 10.0
2.3052949951171877 10.0
2.305295068359375 10.0
2.30529501953125 10.0
2.305294921875 10.0
2.305295068359375 10.0
2.305294970703125 10.0
2.3052950439453124 10.0
2.305295068359375 10.0
2.305294970703125 10.0
2.3052950439453124 10.0
2.30529501953125 10.0
2.305295068359375 10.0
2.3052949951171877 10.0
2.30529501953125 10.0
2.3052949462890626 10.0
2.3052951171875 10.0
2.30529501953125 10.0
2.305295068359375 10.0
2.305295068359375 10.0
2.305294970703125 10.0
