2.3084027099609377 10.0
2.3026487548828123 10.0
2.302611181640625 10.0
2.3026221435546876 10.0
2.3026040283203124 10.0
2.3025933349609375 10.0
2.3025938720703123 10.0
2.30259306640625 10.0
2.3025926025390624 10.0
2.302605126953125 10.0
2.302598095703125 10.0
2.30259541015625 10.0
2.302593310546875 10.0
2.302592236328125 10.0
2.302591650390625 10.0
2.30259150390625 10.0
2.302591064453125 10.0
2.302590576171875 10.0
2.3025908935546875 10.0
2.3025906494140624 10.0
2.30259033203125 10.0
2.302590576171875 10.0
2.3025903564453123 10.0
2.3025904296875 10.0
2.302590478515625 10.0
2.3025906494140624 10.0
2.3025906982421875 10.0
2.3025905517578127 10.0
2.30259052734375 10.0
2.302590380859375 10.0
