101.44357109375 10.02
23.2613986328125 9.49
17.04491455078125 9.6
17.04491328125 9.6
17.0449140625 9.6
17.04491396484375 9.6
17.044914453125 9.6
17.044913671875 9.6
17.04491455078125 9.6
17.04491357421875 9.6
17.044913671875 9.6
17.04491484375 9.6
17.0449138671875 9.6
17.04491376953125 9.6
17.0449142578125 9.6
17.04491337890625 9.6
17.0449140625 9.6
17.04491455078125 9.6
17.04491396484375 9.6
17.04491328125 9.6
17.04491396484375 9.6
17.04491357421875 9.6
17.044913671875 9.6
17.0449142578125 9.6
17.04491396484375 9.6
17.04491298828125 9.6
17.04491435546875 9.6
17.0449146484375 9.6
17.0449138671875 9.6
17.044913671875 9.6
