2.29978125 9.89
2.2997814208984373 9.89
2.29978134765625 9.89
2.29978134765625 9.89
2.29978134765625 9.89
2.2997813232421875 9.89
2.2997813232421875 9.89
2.2997813720703126 9.89
2.299781298828125 9.89
2.299781396484375 9.89
2.2997811767578127 9.89
2.2997813720703126 9.89
2.2997813232421875 9.89
2.29978125 9.89
2.2997813232421875 9.89
2.29978134765625 9.89
2.29978134765625 9.89
2.299781298828125 9.89
2.2997812744140624 9.89
2.2997813232421875 9.89
2.2997814697265624 9.89
2.29978134765625 9.89
2.2997813232421875 9.89
2.2997813232421875 9.89
2.2997814208984373 9.89
2.2997813232421875 9.89
2.299781298828125 9.89
2.2997814208984373 9.89
2.2997813232421875 9.89
2.2997814453125 9.89
