2.4650223876953126 3.1
2.4640076171875 3.72
2.4627742919921873 3.5
2.4626193603515625 3.23
2.4624303955078126 3.43
2.4624013671875 3.37
2.4623049072265624 3.35
2.4623876708984374 3.32
2.462296435546875 3.33
2.4623777099609376 3.3
2.462400048828125 3.28
2.46242158203125 3.29
2.4624388671875 3.29
2.4624242919921877 3.31
2.462435205078125 3.31
2.462431982421875 3.31
2.4624244140625 3.31
2.4624295166015626 3.31
2.4624302490234373 3.31
2.4624292236328125 3.31
2.4624298583984374 3.31
2.462430810546875 3.31
2.462430712890625 3.31
2.4624305908203126 3.31
2.4624306640625 3.31
2.462430810546875 3.31
2.4624307373046874 3.31
2.46243076171875 3.31
2.4624308349609376 3.31
2.4624306884765623 3.31
