2.3147625 9.82
2.314762548828125 9.82
2.3147626220703126 9.82
2.3147624755859373 9.82
2.3147624755859373 9.82
2.3147625244140624 9.82
2.3147624755859373 9.82
2.314762548828125 9.82
2.3147626220703126 9.82
2.314762451171875 9.82
2.3147626953125 9.82
2.3147624755859373 9.82
2.3147626953125 9.82
2.31476259765625 9.82
2.3147626220703126 9.82
2.3147626220703126 9.82
2.3147626220703126 9.82
2.314762646484375 9.82
2.3147625 9.82
2.3147625244140624 9.82
2.3147625 9.82
2.3147625244140624 9.82
2.3147625732421875 9.82
2.31476259765625 9.82
2.3147625 9.82
2.3147625244140624 9.82
2.3147624755859373 9.82
2.314762548828125 9.82
2.3147624755859373 9.82
2.3147625244140624 9.82
