1.6295289428710937 31.58
1.733344140625 30.86
1.7911552368164063 30.84
1.802433447265625 30.84
1.8022692260742188 30.87
1.7953396484375 30.85
1.7970982543945313 30.82
1.7963840209960937 30.84
1.7920982299804689 30.91
1.7811347412109375 31.06
1.7847942993164063 30.96
1.7893501220703125 30.84
1.7932107299804687 30.83
1.7961867309570312 30.76
1.798396533203125 30.67
1.8000237670898438 30.67
1.8011870483398438 30.7
1.8020362182617187 30.7
1.8026477172851563 30.7
1.803088720703125 30.69
1.8034069580078125 30.68
1.8036360107421876 30.69
1.8038048950195313 30.69
1.803923828125 30.69
1.804014111328125 30.69
1.804080517578125 30.69
1.8041315795898438 30.69
1.8041716186523438 30.69
1.8042025634765626 30.69
1.8042281616210938 30.69
