2.296748291015625 9.71
2.2967483642578124 9.71
2.29674833984375 9.71
2.296748388671875 9.71
2.2967483642578124 9.71
2.296748388671875 9.71
2.2967482421875 9.71
2.2967483642578124 9.71
2.2967483154296877 9.71
2.296748291015625 9.71
2.296748388671875 9.71
2.296748291015625 9.71
2.29674833984375 9.71
2.296748291015625 9.71
2.2967482421875 9.71
2.2967483642578124 9.71
2.2967482421875 9.71
2.2967483642578124 9.71
2.29674833984375 9.71
2.2967482666015626 9.71
2.296748291015625 9.71
2.2967482177734375 9.71
2.296748388671875 9.71
2.2967483154296877 9.71
2.2967482177734375 9.71
2.296748291015625 9.71
2.2967483154296877 9.71
2.2967482666015626 9.71
2.2967482421875 9.71
2.2967482666015626 9.71
