2.3040458984375 9.43
2.304045947265625 9.43
2.304045947265625 9.43
2.3040458251953124 9.43
2.3040458740234375 9.43
2.3040459228515626 9.43
2.3040459716796877 9.43
2.3040458740234375 9.43
2.3040459228515626 9.43
2.304045947265625 9.43
2.304045849609375 9.43
2.3040459228515626 9.43
2.304045947265625 9.43
2.3040459228515626 9.43
2.30404599609375 9.43
2.3040459228515626 9.43
2.3040459716796877 9.43
2.30404599609375 9.43
2.3040458740234375 9.43
2.304045703125 9.43
2.3040457275390627 9.43
2.304045849609375 9.43
2.304045751953125 9.43
2.3040458740234375 9.43
2.3040459228515626 9.43
2.304045947265625 9.43
2.3040458984375 9.43
2.3040458740234375 9.43
2.3040460693359375 9.43
2.3040458984375 9.43
