2.348698388671875 10.0
2.3486982421875 10.0
2.3486982421875 10.0
2.3486982177734377 10.0
2.3486983642578125 10.0
2.3486983642578125 10.0
2.3486984375 10.0
2.3486983154296874 10.0
2.3486982421875 10.0
2.3486982666015623 10.0
2.3486982177734377 10.0
2.3486984130859376 10.0
2.3486982666015623 10.0
2.34869833984375 10.0
2.34869833984375 10.0
2.3486983154296874 10.0
2.3486981689453126 10.0
2.3486982177734377 10.0
2.348698291015625 10.0
2.3486984375 10.0
2.3486984375 10.0
2.3486982666015623 10.0
2.3486984130859376 10.0
2.3486983154296874 10.0
2.34869833984375 10.0
2.348698388671875 10.0
2.3486983642578125 10.0
2.3486982666015623 10.0
2.3486983154296874 10.0
2.348698291015625 10.0
