2.3254526611328123 10.0
2.3254526123046877 10.0
2.3254525390625 10.0
2.3254525634765626 10.0
2.3254525390625 10.0
2.3254525146484375 10.0
2.3254526611328123 10.0
2.3254526123046877 10.0
2.325452587890625 10.0
2.3254526611328123 10.0
2.32545263671875 10.0
2.3254525634765626 10.0
2.3254526611328123 10.0
2.325452685546875 10.0
2.32545244140625 10.0
2.32545263671875 10.0
2.32545263671875 10.0
2.32545263671875 10.0
2.325452587890625 10.0
2.3254524658203124 10.0
2.325452587890625 10.0
2.325452685546875 10.0
2.325452685546875 10.0
2.3254525390625 10.0
2.3254527099609374 10.0
2.3254525634765626 10.0
2.3254526611328123 10.0
2.325452587890625 10.0
2.3254525390625 10.0
2.3254525634765626 10.0
