9.90649052734375 18.93
2.7413589111328127 6.56
2.5796431640625 15.51
3.0363795654296877 17.6
3.103153125 17.48
3.03602109375 17.83
2.9673475341796873 17.79
2.9342959228515624 17.65
2.9030665283203123 17.64
2.902300390625 17.67
2.9366825927734377 17.56
2.9490388916015626 17.55
2.9754765625 17.52
2.94332412109375 17.72
2.8984618408203127 17.94
2.851089697265625 18.02
2.799412744140625 18.13
2.7669687744140625 18.16
2.7435630126953123 18.27
2.72663994140625 18.35
2.7153067626953127 18.29
2.7072329833984377 18.27
2.70167216796875 18.28
2.697794970703125 18.28
2.6951633056640625 18.33
2.6933236328125 18.35
2.692053466796875 18.34
2.6911698974609375 18.33
2.6905462890625 18.34
2.6901008544921874 18.34
