195.360890625 1.02
1273.4578875 10.0
1850.7107375 10.0
1145.8094125 10.0
1145.8094375 10.0
1145.8094125 10.0
1145.8094375 10.0
1145.80944375 10.0
1145.80945625 10.0
1145.80945 10.0
1145.80939375 10.0
1145.809425 10.0
1145.80941875 10.0
1145.8093875 10.0
1145.809425 10.0
1145.8094125 10.0
1145.8094 10.0
1145.80938125 10.0
1145.8093875 10.0
1145.8094375 10.0
1145.809425 10.0
1145.80941875 10.0
1145.8094625 10.0
1145.8094 10.0
1145.80945 10.0
1145.80938125 10.0
1145.80935625 10.0
1145.80944375 10.0
1145.8093875 10.0
1145.80945 10.0
