84410968812237.62 8.95
1.8650295777995545e+24 12.71
3.4940474683937677e+24 9.8
4.0090852852982216e+24 9.78
4.366756879988911e+24 15.51
4.500788266097338e+24 15.49
4.586729462642252e+24 15.41
4.625108843403506e+24 15.41
4.649090791290949e+24 15.41
4.6581943332783013e+24 15.41
4.6602864006597937e+24 15.41
4.666534947445555e+24 15.41
4.67015325415952e+24 15.41
4.6714532035930925e+24 15.41
4.6708175435497075e+24 15.41
4.6698699416853385e+24 15.41
4.6689881282890343e+24 15.41
4.668373748409613e+24 15.41
4.6683004041551756e+24 15.41
4.668297865883191e+24 15.41
4.6682970394690567e+24 15.41
4.6682970394690567e+24 15.41
4.668297128013428e+24 15.41
4.668296862380314e+24 15.41
4.668297128013428e+24 15.41
4.668297128013428e+24 15.41
4.668296921409895e+24 15.41
4.6682970394690567e+24 15.41
4.668296862380314e+24 15.41
4.668296832865523e+24 15.41
