2.313991552734375 9.82
2.313991552734375 9.82
2.3139916748046874 9.82
2.3139916259765627 9.82
2.3139917236328125 9.82
2.31399150390625 9.82
2.31399150390625 9.82
2.3139916015625 9.82
2.313991552734375 9.82
2.3139917236328125 9.82
2.3139916259765627 9.82
2.3139916748046874 9.82
2.3139916015625 9.82
2.3139916259765627 9.82
2.3139916259765627 9.82
2.3139915283203125 9.82
2.313991650390625 9.82
2.31399169921875 9.82
2.3139917724609376 9.82
2.313991796875 9.82
2.3139915771484376 9.82
2.313991552734375 9.82
2.3139916748046874 9.82
2.313991650390625 9.82
2.313991552734375 9.82
2.313991552734375 9.82
2.3139916259765627 9.82
2.3139916748046874 9.82
2.313991650390625 9.82
2.3139916015625 9.82
