7.435593359375 12.66
16.30773251953125 12.17
16.3077318359375 12.17
16.30773251953125 12.17
16.30773203125 12.17
16.3077322265625 12.17
16.30773193359375 12.17
16.30773154296875 12.17
16.307732421875 12.17
16.30773076171875 12.17
16.30773173828125 12.17
16.3077318359375 12.17
16.30773173828125 12.17
16.30773251953125 12.17
16.30773212890625 12.17
16.3077326171875 12.17
16.307732421875 12.17
16.30773193359375 12.17
16.30773232421875 12.17
16.30773232421875 12.17
16.3077322265625 12.17
16.30773193359375 12.17
16.3077326171875 12.17
16.3077328125 12.17
16.30773173828125 12.17
16.30773232421875 12.17
16.3077328125 12.17
16.307732421875 12.17
16.3077326171875 12.17
16.30773203125 12.17
