1.8481702880859374 32.82
1.6549376953125 39.05
1.6364920043945312 40.15
1.633005078125 40.22
1.6166026245117187 41.31
1.6369138916015624 42.15
1.6240438720703125 42.29
1.6138637817382813 41.99
1.6085586669921874 42.03
1.606397607421875 41.97
1.605877294921875 41.89
1.6059963989257813 41.79
1.6063005859375 41.74
1.6065646728515626 41.73
1.6068507690429688 41.73
1.6071232177734376 41.7
1.6072445556640624 41.69
1.6073944946289063 41.69
1.6074897094726563 41.69
1.6075603881835938 41.68
1.6076072875976561 41.71
1.6076475219726563 41.7
1.6076673828125 41.7
1.6076821044921874 41.71
1.6076923706054687 41.72
1.6077008178710936 41.72
1.6077047119140624 41.72
1.6077081298828124 41.72
1.6077118408203126 41.72
1.6077144287109375 41.72
