2.40047529296875 3.44
2.40047529296875 3.44
2.40047529296875 3.44
2.40047529296875 3.44
2.4004753173828126 3.44
2.4004752685546875 3.44
2.40047529296875 3.44
2.40047529296875 3.44
2.40047529296875 3.44
2.4004751953125 3.44
2.4004753173828126 3.44
2.4004754150390624 3.44
2.400475341796875 3.44
2.4004753173828126 3.44
2.4004753662109377 3.44
2.4004753173828126 3.44
2.400475390625 3.44
2.4004753173828126 3.44
2.400475341796875 3.44
2.4004753173828126 3.44
2.4004751953125 3.44
2.400475146484375 3.44
2.400475390625 3.44
2.400475244140625 3.44
2.40047529296875 3.44
2.4004753173828126 3.44
2.400475244140625 3.44
2.400475244140625 3.44
2.4004751708984373 3.44
2.4004753173828126 3.44
