175.40829375 9.98
256.129121875 10.0
409.289584375 10.0
242.5463703125 10.0
242.546359375 10.0
242.5463796875 10.0
242.546365625 10.0
242.5463703125 10.0
242.546384375 10.0
242.5463640625 10.0
242.5463671875 10.0
242.54636875 10.0
242.5463703125 10.0
242.54636875 10.0
242.5463671875 10.0
242.546378125 10.0
242.546371875 10.0
242.546375 10.0
242.5463734375 10.0
242.54638125 10.0
242.5463703125 10.0
242.5463734375 10.0
242.546371875 10.0
242.546365625 10.0
242.54638125 10.0
242.546371875 10.0
242.54638125 10.0
242.54636875 10.0
242.546378125 10.0
242.546375 10.0
