1.7326697631835937 29.11
1.5071423706054687 38.14
1.5717445190429689 32.87
1.5607982788085937 34.36
1.55922216796875 34.68
1.5623624877929687 34.8
1.5660030639648437 34.88
1.5681834594726562 34.92
1.5695830688476562 34.87
1.569989208984375 34.96
1.5604436279296876 34.87
1.5565120483398438 34.99
1.5545754516601562 34.87
1.553717724609375 34.59
1.5534026000976562 34.55
1.553336474609375 34.58
1.5533935668945313 34.56
1.5534436157226563 34.52
1.5534635131835937 34.42
1.5534672607421876 34.4
1.5534685546875 34.38
1.553471875 34.37
1.5534733032226562 34.34
1.5534759155273437 34.34
1.5534781372070312 34.34
1.5534797485351564 34.34
1.5534805297851562 34.34
1.553481396484375 34.33
1.5534821044921876 34.34
1.5534825317382812 34.33
