1747.5669375 15.17
4725.80245 15.19
8167.4381 15.2
11520.4169 15.22
14397.6958 15.24
16705.0133 15.21
18469.2012 15.2
19777.6306 15.2
20741.508 15.22
21440.7946 15.23
21940.7928 15.23
22294.8284 15.23
22547.316 15.23
22726.661 15.23
22852.6804 15.23
22941.034 15.23
23003.5466 15.23
23047.4602 15.23
23078.66 15.23
23100.309 15.23
23115.4632 15.23
23125.9002 15.23
23133.4828 15.23
23138.6166 15.23
23141.9782 15.23
23144.5284 15.23
23146.572 15.23
23147.4906 15.23
23147.4922 15.23
23147.4922 15.23
