2.1757924072265626 17.79
2.4597592041015623 12.83
2.459811669921875 12.81
2.4598115478515625 12.81
2.459811572265625 12.81
2.45981162109375 12.81
2.4598115966796876 12.81
2.459811669921875 12.81
2.45981162109375 12.81
2.45981171875 12.81
2.4598115234375 12.81
2.45981162109375 12.81
2.4598115234375 12.81
2.4598115966796876 12.81
2.45981162109375 12.81
2.459811572265625 12.81
2.4598114990234374 12.81
2.45981162109375 12.81
2.4598115966796876 12.81
2.4598116455078123 12.81
2.4598116455078123 12.81
2.4598115966796876 12.81
2.4598115478515625 12.81
2.4598115966796876 12.81
2.4598115234375 12.81
2.459811669921875 12.81
2.459811474609375 12.81
2.45981162109375 12.81
2.4598117431640625 12.81
2.459811572265625 12.81
