5.778767822265625 11.0
20.4167650390625 10.47
51.7233359375 10.22
134.022253125 10.3
244.43893125 10.28
347.09430625 10.3
440.9148375 10.3
525.506715625 10.31
592.0598125 10.33
646.08983125 10.35
694.0746875 10.35
737.11955625 10.35
772.00124375 10.35
807.6309625 10.35
838.89744375 10.35
861.9121375 10.34
879.2921125 10.34
892.151375 10.33
901.47720625 10.34
908.19984375 10.34
913.1405875 10.34
916.6605625 10.34
919.23925625 10.34
921.12153125 10.34
922.49450625 10.34
923.51711875 10.34
924.28131875 10.34
924.8438 10.34
925.27025 10.34
925.5956875 10.34
