65863164140873.32 8.91
253303863591410.06 10.75
162567236880852.6 10.39
160602347754487.8 10.43
160581644294134.16 10.42
160684512196847.22 10.42
160758608972637.8 10.43
160812058981643.06 10.42
160843109877206.22 10.42
160866504564067.53 10.42
160850911255802.7 10.42
160825586410638.53 10.42
160813138736421.28 10.43
160812466144542.72 10.42
160812442092725.88 10.42
160812459272595.03 10.42
160812447246686.62 10.42
160812457554608.12 10.42
160812457554608.12 10.42
160812448964673.53 10.42
160812465285549.25 10.42
160812459272595.03 10.42
160812462708568.88 10.42
160812458413601.6 10.42
160812459272595.03 10.42
160812460990581.97 10.42
160812462708568.88 10.42
160812456695614.66 10.42
160812452400647.38 10.42
160812454118634.28 10.42
