34.86008203125 17.97
5.574105419921875 18.04
4.787523779296875 11.43
2.304723046875 10.0
2.302669140625 10.0
2.302708642578125 9.97
2.3026330078125 10.0
2.3027613525390627 10.0
2.3027328857421874 10.0
2.3029516357421875 10.0
2.3032183349609374 10.0
2.3033010986328124 10.02
2.303293603515625 10.0
2.30325673828125 10.0
2.3032363525390624 10.0
2.3032402099609377 10.01
2.303257666015625 10.01
2.3032815673828124 10.01
2.3033034912109374 10.03
2.3033205322265626 10.01
2.303329248046875 10.0
2.30333388671875 10.0
2.3033343017578125 10.0
2.303334619140625 10.0
2.303334375 10.0
2.3033336669921876 10.0
2.3033335205078127 10.0
2.3033332763671877 10.0
2.303333349609375 10.0
2.3033330810546877 10.0
