184.2146890625 16.23
184.2146921875 16.23
184.2146890625 16.23
184.2146890625 16.23
184.2146953125 16.23
184.2146890625 16.23
184.21469375 16.23
184.21469375 16.23
184.2146921875 16.23
184.2146875 16.23
184.2146921875 16.23
184.2146859375 16.23
184.21469375 16.23
184.21469375 16.23
184.2146890625 16.23
184.2146953125 16.23
184.2146859375 16.23
184.2146875 16.23
184.2146875 16.23
184.2146875 16.23
184.2146890625 16.23
184.21469375 16.23
184.2146875 16.23
184.2146953125 16.23
184.2146921875 16.23
184.2146875 16.23
184.2146953125 16.23
184.2146890625 16.23
184.214684375 16.23
184.2146921875 16.23
