172.393475 17.33
351.775315625 17.33
509.725271875 17.32
621.36654375 17.31
722.71080625 17.36
802.11054375 17.38
875.3988375 17.39
933.37635 17.38
975.24268125 17.36
1004.79981875 17.33
1025.47709375 17.32
1039.84905 17.32
1050.13228125 17.31
1057.4574375 17.32
1062.4679 17.31
1066.001275 17.3
1068.5041125 17.3
1070.2948 17.29
1071.57390625 17.29
1072.4787375 17.29
1073.1171375 17.29
1073.579975 17.29
1073.91263125 17.29
1074.1819875 17.29
1074.3683375 17.29
1074.50325625 17.29
1074.62561875 17.29
1074.70055 17.29
1074.70435 17.29
1074.70299375 17.29
