87151167.0784 10.14
37367807.1808 10.02
28925370.5728 10.02
25255128.4736 10.0
23643995.3408 10.0
22651721.9328 9.99
22068465.5616 10.0
21672130.6624 10.02
21421809.2544 10.03
21249095.3728 10.01
21131466.8544 10.0
21056121.0368 10.0
21002312.6016 10.0
20962189.2096 10.0
20934432.8704 10.0
20916641.792 10.01
20904796.16 10.01
20895646.5152 10.01
20888932.0448 10.01
20877921.1776 10.01
20869560.7296 10.01
20864162.4064 10.01
20861273.4976 10.01
20858691.4816 10.01
20855880.4992 10.01
20855728.5376 10.01
20855728.64 10.01
20855729.4592 10.01
20855728.3328 10.01
20855728.7424 10.01
