2169.376975 6.89
565.107203125 9.54
501.309459375 10.03
513.769003125 10.06
518.7095375 10.1
517.8815875 10.15
508.608865625 10.19
504.56913125 10.19
503.704365625 10.22
502.4783125 10.24
501.11379375 10.25
500.195496875 10.25
500.15091875 10.25
500.1077625 10.25
500.1403875 10.25
500.0074625 10.25
500.000540625 10.24
500.03000625 10.24
500.0393875 10.24
499.851059375 10.24
499.496934375 10.24
498.411775 10.23
496.86403125 10.21
495.43300625 10.21
494.825946875 10.21
494.806821875 10.21
494.80668125 10.21
494.8066875 10.21
494.806671875 10.21
494.806671875 10.21
