67.005433984375 8.93
69.5944703125 15.69
9.66333095703125 14.11
7.250147265625 22.06
12.4479134765625 23.81
8.8950427734375 20.65
10.489811328125 20.28
7.80052001953125 27.99
24.5829640625 14.87
28.98936171875 14.07
23.213412109375 19.4
26.312312109375 14.66
27.84440859375 14.1
29.005409375 13.63
29.791948046875 13.11
30.1784689453125 12.68
31.1113845703125 12.07
31.416076171875 11.98
31.5778111328125 11.81
31.9901826171875 11.68
32.174032421875 11.51
32.3287033203125 11.49
32.4439283203125 11.39
32.5308021484375 11.29
32.5999671875 11.26
32.656992578125 11.26
32.6882923828125 11.24
32.70613046875 11.21
32.7160380859375 11.2
32.727316015625 11.22
