2.3625425048828124 3.8
2.362679541015625 2.58
2.362468408203125 5.24
2.362437255859375 3.83
2.362428955078125 3.98
2.362424169921875 4.16
2.362422802734375 4.06
2.3624241943359374 4.05
2.36242421875 4.07
2.3624250732421874 4.01
2.36242509765625 4.01
2.3624255126953124 4.03
2.362425927734375 4.02
2.3624255615234375 4.03
2.3624256591796877 4.03
2.362425634765625 4.03
2.3624255859375 4.03
2.3624256103515626 4.03
2.3624256103515626 4.04
2.362425634765625 4.04
2.362425634765625 4.04
2.3624256591796877 4.04
2.3624258056640626 4.04
2.3624256591796877 4.04
2.3624256591796877 4.04
2.36242568359375 4.04
2.3624255859375 4.04
2.3624255615234375 4.04
2.362425634765625 4.04
2.3624256591796877 4.04
