2.305095068359375 10.58
2.305094873046875 10.58
2.3050950439453124 10.58
2.305095068359375 10.58
2.3050950439453124 10.58
2.3050949462890626 10.58
2.30509501953125 10.58
2.30509501953125 10.58
2.305094970703125 10.58
2.3050951416015626 10.58
2.3050950439453124 10.58
2.305094873046875 10.58
2.3050949951171873 10.58
2.3050949951171873 10.58
2.3050951171875 10.58
2.3050949462890626 10.58
2.305094921875 10.58
2.305095068359375 10.58
2.3050950927734375 10.58
2.30509501953125 10.58
2.305094970703125 10.58
2.305094921875 10.58
2.305095068359375 10.58
2.3050950439453124 10.58
2.3050948974609375 10.58
2.305094921875 10.58
2.30509501953125 10.58
2.305094970703125 10.58
2.3050948974609375 10.58
2.3050949951171873 10.58
