2.92959619140625 7.85
4.3036748046875 8.49
4.376886376953125 9.88
4.376886279296875 9.88
4.376886376953125 9.88
4.376886474609375 9.88
4.376886328125 9.88
4.37688642578125 9.88
4.3768865234375 9.88
4.376886181640625 9.88
4.376886572265625 9.88
4.376886376953125 9.88
4.37688642578125 9.88
4.376886181640625 9.88
4.376886474609375 9.88
4.376886474609375 9.88
4.376886376953125 9.88
4.37688623046875 9.88
4.376886474609375 9.88
4.3768865234375 9.88
4.37688642578125 9.88
4.376886279296875 9.88
4.376886279296875 9.88
4.376886376953125 9.88
4.376886376953125 9.88
4.37688642578125 9.88
4.376886572265625 9.88
4.3768865234375 9.88
4.376886279296875 9.88
4.376886376953125 9.88
