2.30823759765625 14.0
2.3082376953125 14.0
2.308237646484375 14.0
2.3082375732421876 14.0
2.308237646484375 14.0
2.3082375732421876 14.0
2.3082375732421876 14.0
2.3082376953125 14.0
2.3082376953125 14.0
2.3082376708984373 14.0
2.3082376708984373 14.0
2.3082377197265624 14.0
2.3082375 14.0
2.30823759765625 14.0
2.3082376220703127 14.0
2.3082375244140625 14.0
2.3082375732421876 14.0
2.3082377197265624 14.0
2.3082375732421876 14.0
2.3082376220703127 14.0
2.3082376953125 14.0
2.308237646484375 14.0
2.3082376220703127 14.0
2.3082375 14.0
2.3082376220703127 14.0
2.308237646484375 14.0
2.3082376708984373 14.0
2.3082375732421876 14.0
2.3082376220703127 14.0
2.3082375732421876 14.0
