4.805262451171875 20.9
47.9535109375 26.62
167.2914046875 26.1
376.255596875 24.18
436.8812875 21.74
1065.04115625 19.74
578.15721875 22.99
1480.152925 18.47
7944.2718 10.0
1045.5744375 21.27
1039.81306875 21.59
1049.78870625 21.69
1057.99433125 21.76
1063.9142625 21.86
1068.30016875 22.09
1071.16525625 22.21
1073.17750625 22.23
1074.47948125 22.25
1075.2839125 22.25
1075.900625 22.27
1076.3146625 22.31
1076.60595625 22.32
1076.81119375 22.33
1076.9600375 22.35
1077.094275 22.34
1077.32144375 22.35
1077.5380375 22.4
1077.65861875 22.39
1077.701675 22.4
1077.7067625 22.4
