4.141796923828125 10.38
4.1417970458984374 10.38
4.141797021484375 10.38
4.141797119140625 10.38
4.1417970703125 10.38
4.14179677734375 10.38
4.1417970458984374 10.38
4.1417970703125 10.38
4.14179697265625 10.38
4.141796875 10.38
4.141796997070313 10.38
4.141797143554688 10.38
4.141797119140625 10.38
4.141797192382812 10.38
4.1417970458984374 10.38
4.1417970703125 10.38
4.14179677734375 10.38
4.1417970458984374 10.38
4.1417970703125 10.38
4.141797143554688 10.38
4.141796948242187 10.38
4.141797119140625 10.38
4.141796923828125 10.38
4.14179697265625 10.38
4.14179697265625 10.38
4.1417970458984374 10.38
4.1417970703125 10.38
4.141797094726562 10.38
4.141796728515625 10.38
4.141796997070313 10.38
