2.3129779052734376 10.0
2.31297802734375 10.0
2.3129779296875 10.0
2.3129779052734376 10.0
2.3129780029296874 10.0
2.312977880859375 10.0
2.312977978515625 10.0
2.3129780029296874 10.0
2.3129780029296874 10.0
2.3129779296875 10.0
2.312977880859375 10.0
2.3129781005859376 10.0
2.312977880859375 10.0
2.312977978515625 10.0
2.3129779296875 10.0
2.31297802734375 10.0
2.31297783203125 10.0
2.31297802734375 10.0
2.3129779296875 10.0
2.3129779296875 10.0
2.312977978515625 10.0
2.312977978515625 10.0
2.3129779541015627 10.0
2.3129780029296874 10.0
2.312977978515625 10.0
2.3129779296875 10.0
2.3129779052734376 10.0
2.3129780029296874 10.0
2.3129780029296874 10.0
2.312978076171875 10.0
