2.310444921875 8.51
2.3104447998046873 8.51
2.310444921875 8.51
2.310445068359375 8.51
2.3104450439453124 8.51
2.3104448486328124 8.51
2.3104449462890626 8.51
2.31044482421875 8.51
2.310444921875 8.51
2.310444970703125 8.51
2.3104448486328124 8.51
2.3104448974609375 8.51
2.3104448974609375 8.51
2.310444970703125 8.51
2.3104449951171877 8.51
2.31044501953125 8.51
2.31044482421875 8.51
2.310444970703125 8.51
2.310444921875 8.51
2.3104448974609375 8.51
2.310444921875 8.51
2.310444873046875 8.51
2.3104448486328124 8.51
2.3104448974609375 8.51
2.310444970703125 8.51
2.310444970703125 8.51
2.3104449951171877 8.51
2.3104448974609375 8.51
2.3104450927734375 8.51
2.310444970703125 8.51
