2.5059695556640627 19.68
1.2788262939453126 46.41
1.2378704711914061 47.34
1.2110120239257813 50.14
1.2300457153320312 50.1
1.2574747802734374 49.94
1.275538525390625 49.85
1.271240380859375 49.97
1.2736586791992188 50.03
1.2779106079101563 49.96
1.2655871704101562 50.14
1.2611852172851563 50.24
1.2575521118164064 50.3
1.255877392578125 50.24
1.2541785278320312 50.27
1.253272265625 50.24
1.25239189453125 50.28
1.2516859375 50.28
1.2510529541015625 50.31
1.2505835815429687 50.32
1.2502765258789061 50.35
1.25006923828125 50.32
1.2499241455078125 50.33
1.2498206787109376 50.32
1.2497482543945313 50.32
1.2496979736328124 50.32
1.249662646484375 50.32
1.2496382446289063 50.32
1.2496204833984375 50.32
1.2496079345703126 50.31
