2.305207958984375 10.28
2.3052077880859376 10.28
2.3052078857421874 10.28
2.3052079833984376 10.28
2.3052079833984376 10.28
2.3052080078125 10.28
2.305207958984375 10.28
2.3052080322265627 10.28
2.305207861328125 10.28
2.305207958984375 10.28
2.3052079345703125 10.28
2.3052079833984376 10.28
2.3052079345703125 10.28
2.3052078857421874 10.28
2.305207958984375 10.28
2.305207958984375 10.28
2.3052078857421874 10.28
2.305207958984375 10.28
2.305207861328125 10.28
2.3052079345703125 10.28
2.30520791015625 10.28
2.3052079345703125 10.28
2.305207958984375 10.28
2.3052078369140623 10.28
2.305207861328125 10.28
2.30520791015625 10.28
2.30520791015625 10.28
2.305207958984375 10.28
2.30520791015625 10.28
2.305207861328125 10.28
