2.3084531005859374 10.0
2.308453076171875 10.0
2.30845322265625 10.0
2.3084531494140625 10.0
2.3084530517578123 10.0
2.3084531982421876 10.0
2.3084531982421876 10.0
2.308453125 10.0
2.3084531982421876 10.0
2.308453125 10.0
2.3084531982421876 10.0
2.30845322265625 10.0
2.308453125 10.0
2.3084531005859374 10.0
2.3084531494140625 10.0
2.30845322265625 10.0
2.3084529541015626 10.0
2.3084531494140625 10.0
2.308453076171875 10.0
2.30845302734375 10.0
2.308453125 10.0
2.3084531982421876 10.0
2.3084531982421876 10.0
2.3084531982421876 10.0
2.3084531982421876 10.0
2.308453125 10.0
2.3084531494140625 10.0
2.308453125 10.0
2.3084531494140625 10.0
2.308453125 10.0
