3.5107977294921877 5.13
3.5107977294921877 5.13
3.5107978515625 5.13
3.5107978515625 5.13
3.5107975830078124 5.13
3.5107976806640626 5.13
3.510797607421875 5.13
3.51079775390625 5.13
3.51079765625 5.13
3.5107974853515627 5.13
3.5107976806640626 5.13
3.510797705078125 5.13
3.5107975830078124 5.13
3.510797509765625 5.13
3.5107977294921877 5.13
3.5107976318359375 5.13
3.5107977294921877 5.13
3.51079775390625 5.13
3.5107977294921877 5.13
3.5107977783203124 5.13
3.51079765625 5.13
3.510797509765625 5.13
3.5107976806640626 5.13
3.5107975830078124 5.13
3.5107978271484375 5.13
3.510797412109375 5.13
3.51079765625 5.13
3.510797705078125 5.13
3.51079765625 5.13
3.5107976318359375 5.13
