60.976365234375 18.08
304.3697875 10.21
183.9642546875 6.29
362.429271875 6.33
562.15159375 6.4
729.8151625 6.19
881.14865 6.36
1022.57845 6.99
1092.71646875 6.62
1121.2054875 6.99
1134.0679125 6.64
1162.5081 7.05
1183.656125 7.45
10245.3628 9.68
5297.7662 10.92
4656.79435 10.31
4749.35715 10.18
4752.02255 10.07
4692.6387 9.84
4680.3171 9.76
4673.79475 9.67
4670.03685 9.63
4668.0993 9.62
4662.483 9.62
4658.90195 9.62
4656.30625 9.62
4654.3208 9.63
4652.97225 9.63
4652.0638 9.63
4651.620475 9.63
