3.21049931640625 20.67
6.72443330078125 24.1
8.84364873046875 25.45
10.4879580078125 25.86
11.86143681640625 25.61
12.526630859375 26.03
13.60803115234375 25.07
14.352739453125 24.48
14.88455654296875 23.98
18.0433220703125 19.12
17.626795703125 19.89
17.31374111328125 20.52
17.05240791015625 20.96
16.8875296875 21.33
16.73612158203125 21.65
16.63507529296875 21.9
16.55751328125 22.11
16.50383603515625 22.26
16.46318681640625 22.34
16.4367716796875 22.42
16.41559189453125 22.52
16.401478515625 22.53
16.39061865234375 22.57
16.3817943359375 22.6
16.3753791015625 22.62
16.37068779296875 22.63
16.36710537109375 22.63
16.36469443359375 22.63
16.3628177734375 22.64
16.36145166015625 22.64
