2.434023828125 12.98
3.3332553466796875 18.09
3.33325546875 18.09
3.3332554443359377 18.09
3.3332554443359377 18.09
3.33325546875 18.09
3.33325537109375 18.09
3.3332554931640623 18.09
3.333255419921875 18.09
3.333255517578125 18.09
3.3332554931640623 18.09
3.3332553955078126 18.09
3.3332552978515624 18.09
3.3332553466796875 18.09
3.3332554931640623 18.09
3.3332553466796875 18.09
3.333255517578125 18.09
3.3332552978515624 18.09
3.3332556396484376 18.09
3.3332553466796875 18.09
3.33325537109375 18.09
3.3332553466796875 18.09
3.3332554443359377 18.09
3.3332552978515624 18.09
3.3332553955078126 18.09
3.33325546875 18.09
3.33325546875 18.09
3.3332553955078126 18.09
3.3332555908203125 18.09
3.333255322265625 18.09
