2.3076536865234374 10.68
2.307653662109375 10.68
2.3076536376953123 10.68
2.30765361328125 10.68
2.307653662109375 10.68
2.3076537109375 10.68
2.30765361328125 10.68
2.3076537109375 10.68
2.3076537109375 10.68
2.307653515625 10.68
2.3076536376953123 10.68
2.3076534912109374 10.68
2.307653662109375 10.68
2.307653564453125 10.68
2.307653662109375 10.68
2.3076536376953123 10.68
2.3076537109375 10.68
2.3076536376953123 10.68
2.307653564453125 10.68
2.3076537109375 10.68
2.30765361328125 10.68
2.307653515625 10.68
2.3076535400390625 10.68
2.307653662109375 10.68
2.3076536376953123 10.68
2.3076537109375 10.68
2.3076537109375 10.68
2.3076536376953123 10.68
2.307653564453125 10.68
2.30765361328125 10.68
