2.344288330078125 10.47
2.3442885009765626 10.47
2.344288330078125 10.47
2.3442884521484375 10.47
2.3442882568359376 10.47
2.3442884033203124 10.47
2.344288427734375 10.47
2.3442884033203124 10.47
2.34428837890625 10.47
2.34428828125 10.47
2.3442884521484375 10.47
2.344288427734375 10.47
2.3442883544921873 10.47
2.3442884033203124 10.47
2.3442883544921873 10.47
2.34428828125 10.47
2.344288232421875 10.47
2.3442884765625 10.47
2.3442885009765626 10.47
2.3442883056640627 10.47
2.3442883056640627 10.47
2.3442884521484375 10.47
2.3442884521484375 10.47
2.344288330078125 10.47
2.3442883056640627 10.47
2.3442884033203124 10.47
2.3442883544921873 10.47
2.3442882568359376 10.47
2.3442883056640627 10.47
2.3442883544921873 10.47
