2.3176905029296875 11.06
2.3176905029296875 11.06
2.317690478515625 11.06
2.317690478515625 11.06
2.3176905517578126 11.06
2.317690478515625 11.06
2.317690478515625 11.06
2.3176904052734373 11.06
2.3176904541015624 11.06
2.317690478515625 11.06
2.3176904296875 11.06
2.317690478515625 11.06
2.3176906005859377 11.06
2.3176904296875 11.06
2.3176905029296875 11.06
2.31769052734375 11.06
2.3176906005859377 11.06
2.3176906982421874 11.06
2.3176905517578126 11.06
2.317690478515625 11.06
2.3176905029296875 11.06
2.3176903564453126 11.06
2.317690576171875 11.06
2.3176905517578126 11.06
2.317690478515625 11.06
2.3176904296875 11.06
2.3176904541015624 11.06
2.3176904541015624 11.06
2.317690576171875 11.06
2.317690478515625 11.06
