2.1613090087890625 15.78
2.162117822265625 17.81
2.18653564453125 20.94
2.186535595703125 20.94
2.18653564453125 20.94
2.186535498046875 20.94
2.186535400390625 20.94
2.186535546875 20.94
2.186535546875 20.94
2.18653544921875 20.94
2.186535546875 20.94
2.1865355224609373 20.94
2.186535498046875 20.94
2.186535546875 20.94
2.1865355712890624 20.94
2.18653544921875 20.94
2.186535498046875 20.94
2.1865355224609373 20.94
2.1865355712890624 20.94
2.186535595703125 20.94
2.1865355224609373 20.94
2.1865354736328126 20.94
2.186535595703125 20.94
2.1865354248046875 20.94
2.1865356201171875 20.94
2.186535546875 20.94
2.1865355224609373 20.94
2.1865355712890624 20.94
2.1865354736328126 20.94
2.186535498046875 20.94
