2.6088208740234373 10.28
356.087590625 10.28
27.180025390625 9.8
27.1800236328125 9.8
27.1800248046875 9.8
27.180023828125 9.8
27.1800244140625 9.8
27.180025390625 9.8
27.180026171875 9.8
27.180025390625 9.8
27.1800259765625 9.8
27.1800265625 9.8
27.1800234375 9.8
27.1800240234375 9.8
27.18002421875 9.8
27.180025390625 9.8
27.18002421875 9.8
27.1800240234375 9.8
27.1800244140625 9.8
27.1800255859375 9.8
27.180026171875 9.8
27.1800251953125 9.8
27.1800248046875 9.8
27.180025 9.8
27.1800240234375 9.8
27.18002578125 9.8
27.1800251953125 9.8
27.1800251953125 9.8
27.180025390625 9.8
27.1800248046875 9.8
