1.7359959228515625 32.78
1.9045090698242189 28.55
2.241655517578125 25.15
2.31306611328125 24.67
2.9838863037109373 21.79
3.0363215576171876 21.57
3.036321630859375 21.57
3.036321484375 21.57
3.0363215087890625 21.57
3.0363214111328123 21.57
3.0363216552734373 21.57
3.0363216064453127 21.57
3.03632158203125 21.57
3.0363213623046876 21.57
3.036321533203125 21.57
3.0363214599609374 21.57
3.0363214111328123 21.57
3.0363213623046876 21.57
3.0363215576171876 21.57
3.0363214599609374 21.57
3.0363214599609374 21.57
3.0363215576171876 21.57
3.0363214599609374 21.57
3.0363215087890625 21.57
3.03632158203125 21.57
3.0363216064453127 21.57
3.036321435546875 21.57
3.036321484375 21.57
3.036321630859375 21.57
3.0363213623046876 21.57
