2.311752099609375 0.83
2.3117520751953125 0.83
2.31175205078125 0.83
2.311752197265625 0.83
2.3117521240234375 0.83
2.31175224609375 0.83
2.3117521484375 0.83
2.31175234375 0.83
2.3117522216796873 0.83
2.3117522216796873 0.83
2.3117523193359375 0.83
2.3117523193359375 0.83
2.3117521728515626 0.83
2.3117522216796873 0.83
2.311752197265625 0.83
2.3117521728515626 0.83
2.3117522216796873 0.83
2.3117521484375 0.83
2.311752294921875 0.83
2.3117522705078124 0.83
2.3117522216796873 0.83
2.311752294921875 0.83
2.311752001953125 0.83
2.311752294921875 0.83
2.311752294921875 0.83
2.3117521728515626 0.83
2.311752197265625 0.83
2.31175224609375 0.83
2.311752197265625 0.83
2.311752197265625 0.83
