2.306734423828125 10.0
2.3067343994140623 10.0
2.306734375 10.0
2.3067345458984376 10.0
2.306734423828125 10.0
2.3067344970703125 10.0
2.3067344970703125 10.0
2.3067344970703125 10.0
2.306734521484375 10.0
2.30673447265625 10.0
2.3067343017578126 10.0
2.306734375 10.0
2.3067344970703125 10.0
2.3067343505859377 10.0
2.30673447265625 10.0
2.3067343994140623 10.0
2.3067343994140623 10.0
2.306734375 10.0
2.306734423828125 10.0
2.3067344482421874 10.0
2.3067344970703125 10.0
2.30673447265625 10.0
2.3067344970703125 10.0
2.3067344482421874 10.0
2.306734521484375 10.0
2.3067343994140623 10.0
2.3067343994140623 10.0
2.306734326171875 10.0
2.306734521484375 10.0
2.3067343505859377 10.0
