2.313076318359375 9.82
2.31307646484375 9.82
2.3130762939453127 9.82
2.3130763427734373 9.82
2.313076416015625 9.82
2.31307646484375 9.82
2.313076513671875 9.82
2.31307646484375 9.82
2.313076318359375 9.82
2.3130763427734373 9.82
2.3130764404296875 9.82
2.3130763671875 9.82
2.3130763916015624 9.82
2.3130763671875 9.82
2.3130762939453127 9.82
2.3130763671875 9.82
2.3130763671875 9.82
2.313076416015625 9.82
2.313076318359375 9.82
2.3130763916015624 9.82
2.3130763916015624 9.82
2.3130763916015624 9.82
2.3130763427734373 9.82
2.3130763671875 9.82
2.313076318359375 9.82
2.31307646484375 9.82
2.31307626953125 9.82
2.31307626953125 9.82
2.3130763916015624 9.82
2.313076416015625 9.82
