2.307716357421875 9.82
2.30771630859375 9.82
2.3077163818359376 9.82
2.307716357421875 9.82
2.307716455078125 9.82
2.3077163818359376 9.82
2.307716357421875 9.82
2.307716357421875 9.82
2.30771640625 9.82
2.3077163818359376 9.82
2.3077164306640623 9.82
2.3077163330078125 9.82
2.3077164306640623 9.82
2.307716357421875 9.82
2.307716357421875 9.82
2.3077164794921874 9.82
2.3077164794921874 9.82
2.3077163330078125 9.82
2.3077163818359376 9.82
2.3077163818359376 9.82
2.3077161865234377 9.82
2.3077164794921874 9.82
2.3077163818359376 9.82
2.307716259765625 9.82
2.3077162353515623 9.82
2.307716455078125 9.82
2.30771640625 9.82
2.307716455078125 9.82
2.307716455078125 9.82
2.3077163818359376 9.82
