2398.053175 10.0
3704.928675 8.6
1124.54420625 10.09
708.537378125 10.03
553.138921875 10.03
469.1314015625 10.03
427.127746875 10.02
395.9323453125 10.02
377.20028125 10.02
365.239928125 10.02
356.28619453125 10.02
350.64179921875 10.02
346.704121875 10.02
344.05226875 10.02
342.1265203125 10.02
340.9541765625 10.02
340.124115625 10.02
339.48822265625 10.02
339.05842412109376 10.02
338.80672109375 10.02
338.6049673828125 10.02
338.4625703125 10.02
338.2807140625 10.02
338.02685390625 10.02
337.792825 10.02
337.79135 10.02
337.7912328125 10.02
337.79110546875 10.02
337.7911078125 10.02
337.7910907470703 10.02
