2.31301494140625 9.82
2.31301494140625 9.82
2.313014990234375 9.82
2.3130149169921874 9.82
2.3130150146484376 9.82
2.3130150390625 9.82
2.3130150634765627 9.82
2.31301494140625 9.82
2.3130149169921874 9.82
2.3130149658203125 9.82
2.313014892578125 9.82
2.3130149169921874 9.82
2.313014990234375 9.82
2.3130150146484376 9.82
2.3130149169921874 9.82
2.3130151123046874 9.82
2.3130149169921874 9.82
2.3130150390625 9.82
2.3130150146484376 9.82
2.3130149169921874 9.82
2.3130150146484376 9.82
2.3130149658203125 9.82
2.31301484375 9.82
2.31301494140625 9.82
2.3130150146484376 9.82
2.31301494140625 9.82
2.31301494140625 9.82
2.3130150390625 9.82
2.31301484375 9.82
2.3130150146484376 9.82
