2.301852880859375 10.24
2.301852978515625 10.24
2.3018529296875 10.24
2.301852880859375 10.24
2.301852783203125 10.24
2.301852734375 10.24
2.30185283203125 10.24
2.3018528564453127 10.24
2.3018528564453127 10.24
2.3018528076171876 10.24
2.3018529296875 10.24
2.3018530029296875 10.24
2.3018529541015624 10.24
2.30185283203125 10.24
2.3018529541015624 10.24
2.30185283203125 10.24
2.3018529052734373 10.24
2.3018530029296875 10.24
2.3018528564453127 10.24
2.3018528564453127 10.24
2.301852880859375 10.24
2.30185283203125 10.24
2.30185283203125 10.24
2.301852880859375 10.24
2.3018529296875 10.24
2.3018528564453127 10.24
2.30185283203125 10.24
2.301852880859375 10.24
2.3018528076171876 10.24
2.301852978515625 10.24
