1.6577727661132813 25.75
1.668260546875 29.11
1.6601938110351562 29.87
2.3036525146484377 10.0
2.2690690185546876 10.84
2.2616985107421876 12.82
2.2551142822265624 13.69
2.2661269287109373 12.99
2.254907177734375 13.59
2.258418310546875 13.27
2.255774365234375 13.38
2.2574160400390624 13.23
2.256285595703125 13.29
2.2565661376953123 13.22
2.2567911376953127 13.17
2.2570779052734373 13.13
2.2569080078125 13.13
2.2566195556640625 13.17
2.256563720703125 13.17
2.2564718017578125 13.17
2.256444482421875 13.17
2.256382568359375 13.17
2.25636669921875 13.17
2.25635888671875 13.17
2.2563549072265623 13.17
2.2563646728515625 13.17
2.25636123046875 13.17
2.2563622314453124 13.17
2.2563646484375 13.17
2.2563640380859376 13.17
