1.7575448486328125 29.57
1.73902783203125 27.45
1.7093125366210937 28.42
1.7062830810546874 28.29
1.7254059326171876 30.72
1.7306477905273439 29.6
1.74202216796875 30.01
1.742321630859375 29.18
1.7418165649414064 28.7
1.745159375 28.91
1.7457811645507813 28.79
1.7472485595703124 28.85
1.7490250122070312 29.04
1.7516246337890624 29.45
1.7516813232421875 29.38
1.7510152221679687 29.07
1.749889599609375 28.93
1.7484119873046875 28.6
1.7473050659179687 28.39
1.7463998046875 28.2
1.7456824584960937 28.09
1.745160693359375 28.08
1.7447637817382813 27.94
1.7444851806640624 27.87
1.7442891723632812 27.85
1.744156884765625 27.83
1.7440642822265624 27.84
1.7440005615234375 27.85
1.7439670654296875 27.84
1.743958251953125 27.84
