34654.77 10.28
103183.5016 10.28
149574.92 10.28
183005.8832 10.28
208800.4672 10.28
227460.2112 10.28
242372.5712 10.28
253290.8096 10.28
261095.2816 10.28
266586.384 10.28
270373.7392 10.28
273046.256 10.28
274930.4688 10.28
276249.9248 10.28
277182.8704 10.28
277840.5136 10.28
278297.3664 10.28
278623.8976 10.28
278861.2064 10.28
279029.5008 10.28
279156.7136 10.28
279251.8112 10.28
279318.592 10.28
279365.3216 10.28
279393.856 10.28
279422.2784 10.28
279446.4096 10.28
279447.1552 10.28
279447.1584 10.28
279447.1552 10.28
