0.7501911682128907 74.1
0.8326808898925782 71.04
0.7436366394042969 74.0
0.743636669921875 74.0
0.7436366516113281 74.0
0.7436366760253906 74.0
0.7436366638183594 74.0
0.743636669921875 74.0
0.7436366516113281 74.0
0.743636669921875 74.0
0.7436366577148438 74.0
0.7436366516113281 74.0
0.7436366516113281 74.0
0.7436366821289062 74.0
0.743636669921875 74.0
0.743636669921875 74.0
0.7436366638183594 74.0
0.7436366638183594 74.0
0.7436366760253906 74.0
0.7436366516113281 74.0
0.7436366638183594 74.0
0.7436366577148438 74.0
0.7436366577148438 74.0
0.7436366821289062 74.0
0.7436366577148438 74.0
0.7436366943359375 74.0
0.743636669921875 74.0
0.7436366943359375 74.0
0.7436366394042969 74.0
0.7436366577148438 74.0
