1.3833912353515625 45.39
1.3775181274414063 48.74
1.3801508422851563 48.73
1.3803186645507812 48.73
1.3803186889648438 48.73
1.3803186645507812 48.73
1.3803186645507812 48.73
1.380318701171875 48.73
1.380318701171875 48.73
1.3803186767578124 48.73
1.3803186889648438 48.73
1.3803186645507812 48.73
1.3803186889648438 48.73
1.38031865234375 48.73
1.3803186889648438 48.73
1.38031865234375 48.73
1.3803186645507812 48.73
1.380318603515625 48.73
1.3803186889648438 48.73
1.380318701171875 48.73
1.3803186767578124 48.73
1.3803186889648438 48.73
1.38031865234375 48.73
1.3803186889648438 48.73
1.3803186767578124 48.73
1.38031865234375 48.73
1.380318701171875 48.73
1.380318701171875 48.73
1.3803187377929687 48.73
1.38031865234375 48.73
