0.28503741607666017 92.67
0.25116886444091796 93.64
0.1932202651977539 94.93
0.23312667236328125 94.25
0.20011607666015624 94.55
0.3916341613769531 92.57
0.4569877685546875 90.56
1.1780207763671875 83.83
1.1197969909667969 85.2
1.3163986694335938 82.97
1.1419741455078125 84.89
1.3970951904296876 81.64
1.59855576171875 79.23
1.5516811645507813 79.41
1.6291646362304688 78.4
1.5766884033203126 78.7
1.6544788696289063 77.87
1.6502800048828126 77.81
1.6801296508789063 77.43
1.6731226318359376 77.44
1.6509958740234374 77.68
1.6497180908203124 77.67
1.64889091796875 77.65
1.64475576171875 77.68
1.6393232543945313 77.72
1.6448184326171875 77.65
1.6431893798828126 77.68
1.6437118530273438 77.67
1.6438305786132812 77.66
1.6438296875 77.66
