2.338769189453125 10.0
2.3387692138671876 10.0
2.3387692626953127 10.0
2.3387692138671876 10.0
2.33876923828125 10.0
2.3387692626953127 10.0
2.3387691650390625 10.0
2.338769189453125 10.0
2.338769189453125 10.0
2.3387692138671876 10.0
2.3387692138671876 10.0
2.338769287109375 10.0
2.338769189453125 10.0
2.33876923828125 10.0
2.3387692138671876 10.0
2.3387692138671876 10.0
2.338769189453125 10.0
2.3387692138671876 10.0
2.3387692138671876 10.0
2.338769189453125 10.0
2.3387692138671876 10.0
2.338769140625 10.0
2.3387692138671876 10.0
2.338769189453125 10.0
2.3387692626953127 10.0
2.338769287109375 10.0
2.338769189453125 10.0
2.3387692138671876 10.0
2.3387692138671876 10.0
2.338769140625 10.0
