9.3219263671875 60.64
4.821011328125 60.54
5.005720458984375 60.9
5.0057205078125 60.9
5.0057205078125 60.9
5.0057205078125 60.9
5.005720556640625 60.9
5.0057205078125 60.9
5.005720556640625 60.9
5.005720751953125 60.9
5.0057205078125 60.9
5.005720556640625 60.9
5.005720654296875 60.9
5.005720556640625 60.9
5.005720458984375 60.9
5.005720654296875 60.9
5.00572041015625 60.9
5.0057205078125 60.9
5.0057205322265625 60.9
5.005720654296875 60.9
5.005720556640625 60.9
5.0057205078125 60.9
5.0057205078125 60.9
5.005720556640625 60.9
5.00572041015625 60.9
5.005720458984375 60.9
5.005720458984375 60.9
5.0057205078125 60.9
5.005720556640625 60.9
5.005720556640625 60.9
