2.3036418212890624 10.04
2.3036418212890624 10.04
2.303641845703125 10.04
2.3036418701171875 10.04
2.30364189453125 10.04
2.3036418701171875 10.04
2.303641943359375 10.04
2.30364208984375 10.04
2.30364189453125 10.04
2.3036418701171875 10.04
2.303641845703125 10.04
2.3036418701171875 10.04
2.303641845703125 10.04
2.3036419677734377 10.04
2.3036418701171875 10.04
2.303641845703125 10.04
2.303641796875 10.04
2.3036419189453126 10.04
2.3036418212890624 10.04
2.3036419189453126 10.04
2.3036419189453126 10.04
2.30364189453125 10.04
2.3036418212890624 10.04
2.3036418701171875 10.04
2.303641845703125 10.04
2.303641796875 10.04
2.303641796875 10.04
2.303641845703125 10.04
2.3036418701171875 10.04
2.303641845703125 10.04
