2.305348828125 10.0
2.305348876953125 10.0
2.305348828125 10.0
2.305348828125 10.0
2.3053489013671875 10.0
2.3053488525390624 10.0
2.3053488037109373 10.0
2.305348779296875 10.0
2.3053488525390624 10.0
2.3053489013671875 10.0
2.3053488037109373 10.0
2.3053489013671875 10.0
2.3053488525390624 10.0
2.3053488525390624 10.0
2.3053488525390624 10.0
2.305348876953125 10.0
2.305348876953125 10.0
2.3053488037109373 10.0
2.305348876953125 10.0
2.3053488525390624 10.0
2.305348876953125 10.0
2.3053488525390624 10.0
2.3053489013671875 10.0
2.305348828125 10.0
2.3053488037109373 10.0
2.3053489013671875 10.0
2.305348974609375 10.0
2.3053488037109373 10.0
2.305348876953125 10.0
2.3053488525390624 10.0
