1960256077.824 15.77
12187570431.5904 15.77
21468865049.3952 15.77
27275273909.0432 15.77
30833535614.976 15.77
33093243948.2368 15.77
34559312789.504 15.77
35521757918.0032 15.77
36169522033.4592 15.77
36620591117.1072 15.77
36938722784.0512 15.77
37161495691.264 15.77
37315356603.1872 15.77
37423274786.816 15.77
37496633583.2064 15.77
37548359417.856 15.77
37584160738.5088 15.77
37609031702.9376 15.77
37626573121.1264 15.77
37638632583.9872 15.77
37646823640.2688 15.77
37653355849.3184 15.77
37657125689.7536 15.77
37660867847.7824 15.77
37663756045.5168 15.77
37663765692.416 15.77
37663763595.264 15.77
37663763595.264 15.77
37663763175.8336 15.77
37663764434.1248 15.77
