0.6126813781738282 89.16
2.080961291503906 76.45
0.676827978515625 90.0
0.8129187622070313 90.93
1.0132658630371094 91.1
1.1658833740234376 91.09
1.2862230834960937 91.16
1.3574820190429688 91.15
1.4092776611328126 91.15
1.4466067993164062 91.14
1.469240576171875 91.14
1.485976318359375 91.14
1.4967078125 91.14
1.504831103515625 91.14
1.510540478515625 91.14
1.5147003540039063 91.14
1.5174634643554687 91.14
1.5194056518554688 91.14
1.5207872680664063 91.14
1.5217286987304688 91.14
1.5224273803710937 91.14
1.522902294921875 91.14
1.5232486206054687 91.14
1.523464208984375 91.14
1.5236245727539062 91.14
1.5237335327148438 91.14
1.5238164306640625 91.14
1.5238718627929688 91.14
1.5239039672851562 91.14
1.52391962890625 91.14
