2.343507228623905e+17 16.1
3.519438449152357e+19 17.32
1.5387918031845953e+20 17.3
2.7773905707288737e+20 17.14
3.663721999796683e+20 17.16
4.1172594502292256e+20 17.12
4.396897354608682e+20 17.1
4.5871090105696983e+20 17.1
4.662045845921397e+20 17.08
4.731048414144899e+20 17.06
4.76296401958099e+20 17.05
4.7989619399209085e+20 17.05
4.82425127312446e+20 17.05
4.8319295502011564e+20 17.05
4.836973293553435e+20 17.05
4.841847989790101e+20 17.05
4.8403844640263936e+20 17.04
4.841559074866806e+20 17.04
4.8401306051225983e+20 17.04
4.8424012119683275e+20 17.04
4.842631363923684e+20 17.04
4.8417705278765105e+20 17.03
4.839026142349982e+20 17.03
4.8244350560180535e+20 17.01
4.8105281205127184e+20 16.97
4.799634561532456e+20 16.97
4.798808349159217e+20 16.96
4.7988083851880137e+20 16.96
4.798808169015232e+20 16.96
4.7988083851880137e+20 16.96
