1.092976427528639e+16 15.76
3.2886130663208096e+17 15.74
8.659533466931988e+17 15.77
1.215329369423822e+18 15.78
1.4121171598871524e+18 15.78
1.5281153762531668e+18 15.78
1.6010512848084227e+18 15.78
1.6489731314283512e+18 15.77
1.6821699101903875e+18 15.77
1.704804804885068e+18 15.77
1.7203862744333514e+18 15.77
1.7313062791135762e+18 15.77
1.7390382700600783e+18 15.77
1.7444157369001446e+18 15.77
1.7482027293843077e+18 15.77
1.7508324515754734e+18 15.77
1.752732858028233e+18 15.77
1.7540757892158684e+18 15.77
1.7549036071223744e+18 15.77
1.7555108893846277e+18 15.77
1.7559183103396675e+18 15.77
1.756199025333941e+18 15.77
1.756407907914158e+18 15.77
1.756426485262621e+18 15.77
1.756426485262621e+18 15.77
1.7564264289676257e+18 15.77
1.756426485262621e+18 15.77
1.7564263445251325e+18 15.77
1.756426386746379e+18 15.77
1.756426400820128e+18 15.77
