2.3255952392578125 12.56
2.3051228759765623 13.38
2.301801123046875 13.41
2.301123974609375 12.98
2.3009575927734374 12.66
2.3009412109375 12.57
2.300926318359375 12.43
2.30090830078125 12.33
2.30091201171875 12.31
2.3009178955078124 12.28
2.300924169921875 12.27
2.300924267578125 12.28
2.300926513671875 12.28
2.30092900390625 12.28
2.3009302734375 12.28
2.3009314208984377 12.28
2.300932373046875 12.27
2.3009330322265624 12.27
2.3009333251953126 12.27
2.300933203125 12.26
2.300933544921875 12.26
2.3009337158203125 12.26
2.3009336669921874 12.26
2.3009336669921874 12.26
2.3009337646484376 12.26
2.3009338134765627 12.26
2.300933984375 12.26
2.3009338134765627 12.26
2.3009337646484376 12.26
2.30093369140625 12.26
