1.973047021484375 32.51
2.102970153808594 33.04
2.182371923828125 33.24
2.23264482421875 33.16
2.2666517578125 33.31
2.2911471923828124 33.32
2.3087442626953125 33.33
2.321030712890625 33.33
2.32934716796875 33.32
2.335289208984375 33.29
2.3393496337890625 33.28
2.34221435546875 33.3
2.3442107177734375 33.31
2.3456103759765625 33.32
2.346584765625 33.33
2.3472637451171874 33.32
2.3477375732421875 33.32
2.3480719482421875 33.31
2.348305517578125 33.31
2.348472900390625 33.31
2.3485885498046875 33.31
2.3486663330078126 33.31
2.34871953125 33.31
2.3487523193359374 33.31
2.348774951171875 33.31
2.3487891845703124 33.31
2.3488000244140625 33.31
2.3488085205078124 33.31
2.348814208984375 33.31
2.3488189697265627 33.31
