2.3131028564453127 9.82
2.31310283203125 9.82
2.3131028564453127 9.82
2.3131029052734373 9.82
2.313102880859375 9.82
2.3131028076171876 9.82
2.3131030029296875 9.82
2.3131029296875 9.82
2.3131028564453127 9.82
2.3131028564453127 9.82
2.3131028564453127 9.82
2.3131029052734373 9.82
2.313102978515625 9.82
2.3131029296875 9.82
2.3131028564453127 9.82
2.313102880859375 9.82
2.3131029052734373 9.82
2.31310283203125 9.82
2.3131029296875 9.82
2.3131028564453127 9.82
2.3131029052734373 9.82
2.313102880859375 9.82
2.31310283203125 9.82
2.3131029296875 9.82
2.3131029296875 9.82
2.3131030029296875 9.82
2.313102978515625 9.82
2.313102880859375 9.82
2.3131029296875 9.82
2.313102880859375 9.82
