2.3095185302734373 7.93
2.3095185546875 7.93
2.3095185302734373 7.93
2.3095185302734373 7.93
2.309518505859375 7.93
2.309518603515625 7.93
2.309518505859375 7.93
2.309518408203125 7.93
2.3095185302734373 7.93
2.30951845703125 7.93
2.3095185546875 7.93
2.3095184814453127 7.93
2.3095184814453127 7.93
2.30951845703125 7.93
2.3095185546875 7.93
2.3095185546875 7.93
2.309518408203125 7.93
2.30951845703125 7.93
2.30951845703125 7.93
2.3095185302734373 7.93
2.3095184814453127 7.93
2.3095184814453127 7.93
2.30951845703125 7.93
2.3095185791015624 7.93
2.3095185791015624 7.93
2.3095184814453127 7.93
2.3095184814453127 7.93
2.309518505859375 7.93
2.3095185302734373 7.93
2.3095184326171876 7.93
