2.3116952880859376 9.82
2.311695263671875 9.82
2.31169521484375 9.82
2.3116952392578125 9.82
2.3116952392578125 9.82
2.31169521484375 9.82
2.3116952392578125 9.82
2.31169521484375 9.82
2.3116953125 9.82
2.3116952392578125 9.82
2.3116951416015623 9.82
2.31169521484375 9.82
2.3116952880859376 9.82
2.311695263671875 9.82
2.3116953125 9.82
2.311695361328125 9.82
2.3116952880859376 9.82
2.311695263671875 9.82
2.3116951416015623 9.82
2.3116952880859376 9.82
2.3116953125 9.82
2.3116952392578125 9.82
2.311695263671875 9.82
2.311695263671875 9.82
2.3116952880859376 9.82
2.3116952880859376 9.82
2.3116952880859376 9.82
2.3116952392578125 9.82
2.3116952392578125 9.82
2.3116952880859376 9.82
