5.146351513671875 12.83
5.146351611328125 12.83
5.146351513671875 12.83
5.146351513671875 12.83
5.146351513671875 12.83
5.146351611328125 12.83
5.146351806640625 12.83
5.1463515625 12.83
5.14635146484375 12.83
5.1463515625 12.83
5.146351513671875 12.83
5.1463515625 12.83
5.146351611328125 12.83
5.146351513671875 12.83
5.14635166015625 12.83
5.146351708984375 12.83
5.146351611328125 12.83
5.1463515625 12.83
5.146351611328125 12.83
5.1463515625 12.83
5.146351318359375 12.83
5.146351416015625 12.83
5.146351416015625 12.83
5.146351513671875 12.83
5.146351513671875 12.83
5.14635146484375 12.83
5.14635146484375 12.83
5.146351611328125 12.83
5.1463515625 12.83
5.1463517578125 12.83
