2.302585205078125 9.8
2.302585205078125 9.8
2.302585205078125 9.8
2.302585205078125 9.8
2.302585205078125 9.8
2.302585205078125 9.8
2.302585205078125 9.8
2.302585205078125 9.8
2.302585205078125 9.8
2.302585205078125 9.8
2.302585205078125 9.8
2.302585205078125 9.8
2.302585205078125 9.8
2.302585205078125 9.8
2.302585205078125 9.8
2.302585205078125 9.8
2.302585205078125 9.8
2.302585205078125 9.8
2.302585205078125 9.8
2.302585205078125 9.8
2.302585205078125 9.8
2.302585205078125 9.8
2.302585205078125 9.8
2.302585205078125 9.8
2.302585205078125 9.8
2.302585205078125 9.8
2.302585205078125 9.8
2.302585205078125 9.8
2.302585205078125 9.8
2.302585205078125 9.8
