6415862412.0832 4.98
47090173267.1488 4.97
93413998539.5712 4.97
124301291919.7696 4.97
142822708399.3088 4.97
154158452493.5168 4.97
161286303042.7648 4.97
165996273231.4624 4.97
169224523323.8016 4.97
171460857430.016 4.97
173004502230.6304 4.97
174090301839.7696 4.97
174850603325.8496 4.97
175390096516.7104 4.97
175767610720.256 4.97
176034791240.4992 4.97
176220088880.3328 4.97
176341787449.7536 4.97
176428112936.96 4.97
176489824570.5728 4.97
176531712245.76 4.97
176561213302.3744 4.97
176581688216.7808 4.97
176595700547.584 4.97
176605750099.968 4.97
176615774486.528 4.97
176620455329.792 4.97
176620453652.0704 4.97
176620453652.0704 4.97
176620448618.9056 4.97
