2.091142138671875 31.86
2.0824296630859376 31.78
2.085556640625 31.87
2.0938538818359373 31.81
2.114879345703125 31.87
2.0939947631835936 31.78
2.107968701171875 31.83
2.1082036499023435 31.84
2.108241455078125 31.84
2.1093321044921876 31.84
2.106900964355469 31.82
2.1062186889648435 31.82
2.1071972900390623 31.81
2.106811767578125 31.82
2.107230126953125 31.82
2.107151025390625 31.82
2.1070677490234373 31.82
2.1070771850585936 31.82
2.1070732666015624 31.82
2.1070647216796874 31.81
2.106960949707031 31.81
2.1068301391601563 31.81
2.106687609863281 31.82
2.106263818359375 31.82
2.1058474853515623 31.82
2.1054690673828125 31.82
2.1052021240234375 31.82
2.10499365234375 31.83
2.104861169433594 31.83
2.104820556640625 31.83
