7.665743115234375 7.25
5.1454314453125 15.62
5.587897412109375 15.75
6.158476806640625 15.76
6.24552392578125 15.76
6.283239013671875 15.78
6.380856103515625 15.77
6.3552734375 15.8
6.378051611328125 15.81
6.38824052734375 15.81
6.448033251953125 15.77
6.416744287109375 15.79
6.415429296875 15.81
6.41838818359375 15.81
6.415832666015625 15.81
6.41315595703125 15.81
6.41292060546875 15.81
6.415380712890625 15.81
6.414784716796875 15.81
6.414704248046875 15.81
6.414697265625 15.81
6.414367431640625 15.81
6.414594189453125 15.81
6.414091796875 15.81
6.4141869140625 15.81
6.414314453125 15.81
6.41424794921875 15.81
6.414200244140625 15.81
6.414193798828125 15.81
6.414192138671875 15.81
