1.0231941528320312 64.77
1.0231941284179686 64.77
1.023194171142578 64.77
1.0231941467285157 64.77
1.0231941589355469 64.77
1.0231941467285157 64.77
1.0231941650390626 64.77
1.0231941772460937 64.77
1.0231941345214843 64.77
1.023194140625 64.77
1.0231941467285157 64.77
1.0231941345214843 64.77
1.0231941345214843 64.77
1.0231941589355469 64.77
1.0231941955566406 64.77
1.023194171142578 64.77
1.0231941162109375 64.77
1.023194140625 64.77
1.0231941284179686 64.77
1.0231941589355469 64.77
1.0231941528320312 64.77
1.0231941101074218 64.77
1.0231940795898438 64.77
1.0231941223144532 64.77
1.0231941345214843 64.77
1.0231941345214843 64.77
1.0231941223144532 64.77
1.023194140625 64.77
1.0231941467285157 64.77
1.0231941467285157 64.77
