163.1613328125 78.21
594.43139375 78.21
1170.9596625 78.2
1730.5561375 78.21
2215.5883625 78.21
2601.34365 78.22
2898.9498 78.23
3123.275175 78.22
3284.5957 78.22
3400.0752 78.22
3481.945675 78.2
3539.68495 78.21
3581.656675 78.21
3610.1616 78.21
3630.531825 78.21
3644.58205 78.21
3654.442425 78.21
3661.442625 78.21
3666.47635 78.21
3669.965425 78.21
3672.43115 78.21
3674.08385 78.21
3675.208775 78.21
3675.975625 78.21
3676.495275 78.21
3676.7862 78.21
3676.975875 78.21
3677.0885 78.21
3677.143 78.21
3677.163225 78.21
