1.0380361938476563 68.55
1.6181424560546875 67.84
2.2358137451171873 67.37
2.7632402587890623 67.2
3.1871528076171876 67.03
3.4985848876953125 66.95
3.7139932373046873 66.9
3.87859697265625 66.89
3.9946833984375 66.85
4.075718725585937 66.76
4.1358718505859375 66.73
4.17717109375 66.73
4.207465112304687 66.72
4.2280974853515625 66.73
4.24209609375 66.7
4.25194580078125 66.7
4.258969873046875 66.7
4.264052612304687 66.7
4.267632666015625 66.7
4.269879760742188 66.7
4.2715826171875 66.7
4.272713940429687 66.7
4.27354853515625 66.7
4.2741404296875 66.7
4.274555004882813 66.7
4.274844213867188 66.7
4.275048168945313 66.7
4.275172778320313 66.7
4.275257666015625 66.7
4.275296850585938 66.7
