2.3074359619140625 9.82
2.307435888671875 9.82
2.3074359375 9.82
2.3074360595703123 9.82
2.3074359130859374 9.82
2.3074359375 9.82
2.3074358642578123 9.82
2.3074358642578123 9.82
2.3074359619140625 9.82
2.3074359619140625 9.82
2.307435986328125 9.82
2.3074359619140625 9.82
2.307435986328125 9.82
2.307435888671875 9.82
2.3074359375 9.82
2.3074359130859374 9.82
2.3074359130859374 9.82
2.307435986328125 9.82
2.3074359619140625 9.82
2.307435986328125 9.82
2.3074359619140625 9.82
2.3074359619140625 9.82
2.307435986328125 9.82
2.3074359130859374 9.82
2.3074359619140625 9.82
2.3074359375 9.82
2.307435888671875 9.82
2.3074359375 9.82
2.3074359619140625 9.82
2.3074359619140625 9.82
