315.5952 19.6
1050.6246125 18.72
1815.0672625 19.86
2647.4717 19.04
3221.405725 19.71
3782.265375 19.09
4141.154725 19.18
4408.3443 19.35
4610.86385 19.4
4782.5863 19.2
4886.6745 19.23
4958.8755 19.26
5009.99545 19.27
5043.86705 19.31
5071.3675 19.29
5090.1671 19.29
5103.00705 19.29
5111.35495 19.29
5117.52275 19.29
5122.02335 19.29
5125.45175 19.29
5127.38015 19.29
5128.9405 19.29
5130.20645 19.29
5131.75515 19.29
5133.14425 19.28
5133.91285 19.27
5134.3609 19.27
5134.62555 19.27
5134.71475 19.27
