2.314463623046875 9.82
2.31446357421875 9.82
2.314463720703125 9.82
2.3144636962890623 9.82
2.3144636474609377 9.82
2.314463720703125 9.82
2.3144635986328126 9.82
2.3144636474609377 9.82
2.3144636962890623 9.82
2.314463671875 9.82
2.314463671875 9.82
2.314463623046875 9.82
2.3144635986328126 9.82
2.3144636474609377 9.82
2.314463671875 9.82
2.31446357421875 9.82
2.3144635986328126 9.82
2.314463671875 9.82
2.314463671875 9.82
2.3144636962890623 9.82
2.3144636962890623 9.82
2.31446357421875 9.82
2.3144636474609377 9.82
2.314463623046875 9.82
2.314463623046875 9.82
2.3144636474609377 9.82
2.314463671875 9.82
2.314463671875 9.82
2.314463623046875 9.82
2.3144635986328126 9.82
