3805550377068.1343 27.08
164514959881928.72 27.1
458033615878068.6 27.11
668045480436118.4 27.12
790017590096298.0 27.12
861634204380063.4 27.12
908255002354306.2 27.12
939518048686047.2 27.12
961149668652220.4 27.13
976395153285578.8 27.13
986961336333448.0 27.13
994292763044347.9 27.13
999528932909567.1 27.13
1003170597884133.4 27.13
1005713665199964.1 27.13
1007535872076782.0 27.13
1008797266175905.0 27.13
1009693773597455.1 27.13
1010293460983139.5 27.13
1010683595196465.1 27.13
1010929315429430.1 27.13
1011103065754409.4 27.13
1011216610945820.2 27.13
1011318391362814.0 27.13
1011393975915275.9 27.13
1011404689281699.0 27.13
1011404352556263.0 27.13
1011404311324577.0 27.13
1011404290708734.0 27.13
1011404283836786.2 27.13
