204.395125 8.99
204.395121875 8.99
204.3951265625 8.99
204.395128125 8.99
204.3951265625 8.99
204.395121875 8.99
204.3951234375 8.99
204.395121875 8.99
204.3951265625 8.99
204.3951234375 8.99
204.395125 8.99
204.3951234375 8.99
204.3951296875 8.99
204.3951265625 8.99
204.3951203125 8.99
204.395128125 8.99
204.395128125 8.99
204.3951296875 8.99
204.395125 8.99
204.3951265625 8.99
204.395125 8.99
204.395128125 8.99
204.3951234375 8.99
204.3951265625 8.99
204.395121875 8.99
204.3951296875 8.99
204.3951234375 8.99
204.395128125 8.99
204.395125 8.99
204.3951296875 8.99
