5010209688.7808 10.69
33999086105.3952 10.67
62531266045.5424 10.67
80090914357.248 10.67
90159626321.92 10.67
96497061960.0896 10.67
100727626557.0304 10.67
103647228723.2 10.67
105688369148.7232 10.67
107122442790.5024 10.67
108131807081.2672 10.67
108832253332.6848 10.67
109322950829.6704 10.67
109665392263.168 10.67
109908413592.3712 10.67
110075849369.1904 10.67
110195492729.6512 10.67
110282953195.52 10.67
110334816603.3408 10.67
110373830341.4272 10.67
110399179875.9424 10.67
110416483896.5248 10.67
110430477772.3904 10.67
110430981927.7312 10.67
110430978572.288 10.67
110430976055.7056 10.67
110430974377.984 10.67
110430977733.4272 10.67
110430979411.1488 10.67
110430974377.984 10.67
