5.369008056640625 75.74
10.9091224609375 75.69
15.73734296875 75.67
18.4360734375 75.65
19.55774453125 75.7
20.5709724609375 75.68
21.2003095703125 75.69
20.9668384765625 75.68
21.24199453125 75.68
21.316465234375 75.69
21.5020171875 75.7
21.542703125 75.69
21.6020328125 75.69
21.6548412109375 75.69
21.6972990234375 75.69
21.7147255859375 75.69
21.715070703125 75.7
21.7286158203125 75.7
21.7280572265625 75.7
21.739796875 75.7
21.742934375 75.7
21.745828125 75.7
21.746308203125 75.7
21.7469533203125 75.7
21.74810703125 75.7
21.7481302734375 75.7
21.7487373046875 75.7
21.74934296875 75.7
21.7496330078125 75.7
21.7495962890625 75.7
