2.3138507568359374 10.0
2.31385078125 10.0
2.3138507080078123 10.0
2.3138507568359374 10.0
2.3138507568359374 10.0
2.3138507568359374 10.0
2.31385068359375 10.0
2.3138507080078123 10.0
2.3138508544921876 10.0
2.31385078125 10.0
2.3138507568359374 10.0
2.3138507568359374 10.0
2.3138508056640625 10.0
2.3138507568359374 10.0
2.3138508056640625 10.0
2.31385078125 10.0
2.3138507080078123 10.0
2.31385078125 10.0
2.313850830078125 10.0
2.313850732421875 10.0
2.3138507080078123 10.0
2.3138507568359374 10.0
2.313850732421875 10.0
2.3138508056640625 10.0
2.31385078125 10.0
2.313850732421875 10.0
2.3138507568359374 10.0
2.3138507568359374 10.0
2.3138507080078123 10.0
2.3138507568359374 10.0
