2.33841767578125 9.82
2.3384177978515623 9.82
2.3384177001953126 9.82
2.338417724609375 9.82
2.338417822265625 9.82
2.3384177734375 9.82
2.3384177978515623 9.82
2.3384177001953126 9.82
2.3384177978515623 9.82
2.3384177978515623 9.82
2.3384177734375 9.82
2.3384177490234377 9.82
2.33841787109375 9.82
2.3384177734375 9.82
2.3384177734375 9.82
2.338417822265625 9.82
2.3384177734375 9.82
2.3384177001953126 9.82
2.3384177490234377 9.82
2.3384177978515623 9.82
2.3384177978515623 9.82
2.338417822265625 9.82
2.338417822265625 9.82
2.3384177734375 9.82
2.3384177978515623 9.82
2.3384177978515623 9.82
2.338417724609375 9.82
2.3384178466796874 9.82
2.3384177734375 9.82
2.33841787109375 9.82
