2.3013041259765625 10.02
2.3013041015625 10.02
2.3013041259765625 10.02
2.3013041015625 10.02
2.301304150390625 10.02
2.301304052734375 10.02
2.3013041748046876 10.02
2.30130419921875 10.02
2.3013041015625 10.02
2.30130400390625 10.02
2.3013041015625 10.02
2.3013041259765625 10.02
2.301304150390625 10.02
2.301304150390625 10.02
2.3013041015625 10.02
2.30130419921875 10.02
2.3013041015625 10.02
2.3013041015625 10.02
2.3013041259765625 10.02
2.3013040771484374 10.02
2.301304150390625 10.02
2.3013041015625 10.02
2.301304150390625 10.02
2.3013041259765625 10.02
2.301304150390625 10.02
2.301304150390625 10.02
2.3013041015625 10.02
2.3013041015625 10.02
2.3013041015625 10.02
2.3013040771484374 10.02
