102.09157961425781 9.8
8.72441611328125 11.35
4.034277099609375 11.35
3.742127392578125 11.35
3.647359521484375 11.35
3.581468994140625 11.35
3.5315596923828125 11.35
3.4955021240234374 11.35
3.4695407470703126 11.35
3.4518484375 11.35
3.4396311767578127 11.35
3.43102744140625 11.35
3.42412080078125 11.35
3.4204778076171873 11.35
3.4173215576171874 11.35
3.4154594970703127 11.35
3.4138691162109374 11.35
3.4132985595703125 11.35
3.4127302001953126 11.35
3.411568212890625 11.35
3.4103720458984377 11.35
3.4104767578125 11.35
3.4103191162109376 11.35
3.41038427734375 11.35
3.4103557861328126 11.35
3.410326513671875 11.35
3.410375048828125 11.35
3.4103263916015627 11.35
3.4103806640625 11.35
3.41034423828125 11.35
