516.063596875 66.18
8214.845 66.17
21438.5682 66.14
35819.0352 66.13
48969.6764 66.12
59870.1936 66.12
68458.1968 66.12
75228.9288 66.11
80187.9936 66.11
83839.6112 66.11
86365.6208 66.11
88129.1848 66.11
89395.7584 66.11
90290.5952 66.11
90905.5464 66.11
91353.3648 66.11
91674.8888 66.11
91903.5904 66.11
92061.656 66.11
92170.2072 66.11
92244.7272 66.11
92298.0072 66.11
92334.6616 66.11
92360.1968 66.11
92379.0472 66.11
92390.2608 66.11
92395.9824 66.11
92398.5016 66.11
92399.4616 66.11
92399.7328 66.11
