48944.8616 10.62
49615.674 10.31
59266.484 10.16
67827.5828 10.15
74462.1776 10.15
79240.2896 10.14
82658.2368 10.14
85129.5712 10.14
86880.0152 10.12
88131.188 10.12
88995.0464 10.12
89610.4648 10.12
90043.0112 10.12
90345.4352 10.12
90557.1904 10.12
90704.4288 10.12
90807.7032 10.12
90872.9744 10.12
90917.2192 10.12
90947.2648 10.12
90964.8288 10.12
90981.7208 10.12
90984.6368 10.12
90987.8 10.12
90993.0424 10.12
90997.924 10.12
90999.4496 10.12
90999.6296 10.12
90999.6312 10.12
90999.628 10.12
