1.1571370239257812 73.7
0.9524123352050782 73.65
0.8557214782714844 73.49
0.9019244689941406 73.54
0.8095296875 73.57
0.7919635070800781 73.62
0.7830463317871094 73.59
0.7921241271972657 73.57
0.8036115783691407 73.55
0.8146365783691406 73.53
0.8225518127441406 73.52
0.8291063110351562 73.51
0.8335585266113281 73.5
0.8367635498046875 73.5
0.8391032165527343 73.5
0.8407128234863281 73.5
0.84236044921875 73.5
0.8431417236328125 73.5
0.8438427368164062 73.5
0.8442086120605469 73.5
0.8445243041992188 73.5
0.8447277221679688 73.5
0.8448792724609375 73.5
0.8449829345703125 73.5
0.8450461853027343 73.5
0.8450930786132812 73.5
0.8451252685546875 73.5
0.8451520690917969 73.5
0.8451665893554687 73.5
0.8451779418945312 73.5
