35.505678125 32.04
335.537790625 30.23
812.45349375 30.14
1317.7002625 30.49
1768.6314625 30.2
2162.994 29.59
2456.150575 29.92
2668.202475 30.09
2846.676325 30.06
2966.39665 29.85
3053.171275 29.89
3111.9739 30.02
3154.85525 30.02
3185.388725 30.01
3207.040275 30.0
3222.36755 30.0
3233.4511 29.99
3240.97565 29.99
3245.924825 30.0
3249.5597 29.99
3252.00295 29.99
3253.302 30.0
3253.79 30.0
3252.711525 30.0
3250.406325 30.01
3248.45175 30.03
3247.041275 30.02
3246.2364 30.01
3246.073375 30.01
3246.0731 30.01
