2.307511669921875 10.74
2.3075115478515626 10.74
2.307511572265625 10.74
2.3075115966796873 10.74
2.3075115478515626 10.74
2.3075116455078124 10.74
2.307511572265625 10.74
2.307511572265625 10.74
2.307511669921875 10.74
2.307511572265625 10.74
2.3075115966796873 10.74
2.3075115966796873 10.74
2.307511572265625 10.74
2.3075115966796873 10.74
2.30751171875 10.74
2.307511572265625 10.74
2.307511572265625 10.74
2.3075115966796873 10.74
2.307511669921875 10.74
2.3075115966796873 10.74
2.3075115478515626 10.74
2.307511572265625 10.74
2.30751162109375 10.74
2.3075115478515626 10.74
2.3075115966796873 10.74
2.30751162109375 10.74
2.3075115966796873 10.74
2.3075115234375 10.74
2.3075115966796873 10.74
2.30751162109375 10.74
