2.2805646240234374 12.53
2.2798518798828127 15.46
2.279689599609375 13.3
2.2794221435546875 15.83
2.2792779541015626 15.83
2.279224609375 15.21
2.2792235595703123 15.91
2.2791992919921875 15.84
2.2791807373046873 13.38
2.2791750732421874 15.85
2.279168408203125 15.88
2.27916572265625 15.89
2.27916201171875 15.88
2.2791607177734376 15.88
2.279158056640625 15.87
2.2791577392578124 13.38
2.27915791015625 15.87
2.279157373046875 13.38
2.2791570556640623 13.38
2.27915673828125 13.38
2.2791566162109373 15.87
2.2791563720703123 15.87
2.2791562744140625 15.87
2.2791562255859374 15.87
2.2791561279296877 15.87
2.27915615234375 15.87
2.279156103515625 15.87
2.2791561279296877 15.87
2.2791560791015626 15.87
2.279156103515625 15.87
