5.467054638671875 10.0
3.041974072265625 10.0
2.81665771484375 10.0
2.6588838623046875 10.0
2.550582177734375 9.99
2.4739666015625 9.99
2.4205196533203126 9.99
2.3830115478515626 9.99
2.356592626953125 9.99
2.3379204833984377 9.99
2.3247765869140626 9.99
2.315785400390625 9.99
2.3094197509765624 9.99
2.305895654296875 10.0
2.3058861572265625 10.0
2.305888330078125 10.0
2.3058884033203126 10.0
2.3058866943359373 10.0
2.3058847412109373 10.0
2.305885009765625 10.0
2.30588359375 10.0
2.3058830810546875 10.0
2.3058823486328124 10.0
2.3058828857421876 10.0
2.3058838134765627 10.0
2.3058837158203125 10.0
2.3058839599609375 10.0
2.305884033203125 10.0
2.305883740234375 10.0
2.305883642578125 10.0
