151894.7696 58.3
457060.2272 58.39
805503.8848 58.38
1134751.6032 58.39
1410991.1296 58.39
1627689.4976 58.39
1791987.6224 58.39
1913011.3152 58.39
2002393.1264 58.39
2066058.0864 58.39
2111627.7888 58.39
2143920.3584 58.39
2166702.8096 58.39
2182706.3424 58.38
2193975.6288 58.38
2201894.1312 58.38
2207446.848 58.38
2211308.3904 58.38
2214010.2144 58.38
2215927.0016 58.38
2217250.88 58.38
2218143.6672 58.38
2218806.2208 58.38
2219314.6112 58.38
2219572.5056 58.38
2219666.6624 58.38
2219689.2544 58.38
2219689.2928 58.38
2219689.2032 58.38
2219689.3184 58.38
