2.310739697265625 10.06
2.3107396484375 10.06
2.3107396728515623 10.06
2.310739697265625 10.06
2.3107397705078125 10.06
2.3107397216796874 10.06
2.3107396240234377 10.06
2.3107396728515623 10.06
2.3107396728515623 10.06
2.31073974609375 10.06
2.3107397705078125 10.06
2.3107397216796874 10.06
2.310739697265625 10.06
2.3107396728515623 10.06
2.310739599609375 10.06
2.3107397705078125 10.06
2.3107396728515623 10.06
2.3107397216796874 10.06
2.3107396240234377 10.06
2.310739697265625 10.06
2.3107396484375 10.06
2.3107396240234377 10.06
2.3107397216796874 10.06
2.3107396484375 10.06
2.310739697265625 10.06
2.31073974609375 10.06
2.3107396484375 10.06
2.3107396240234377 10.06
2.310739697265625 10.06
2.3107396484375 10.06
