9.34772001953125 64.34
7.038456884765625 68.42
6.599659228515625 72.22
6.599659326171875 72.22
6.599659130859375 72.22
6.59965927734375 72.22
6.599659326171875 72.22
6.599659326171875 72.22
6.5996591796875 72.22
6.599659375 72.22
6.599659423828125 72.22
6.599659228515625 72.22
6.599659228515625 72.22
6.599659130859375 72.22
6.599659326171875 72.22
6.599659326171875 72.22
6.599659326171875 72.22
6.599659375 72.22
6.59965927734375 72.22
6.599659326171875 72.22
6.599659521484375 72.22
6.59965908203125 72.22
6.5996591796875 72.22
6.5996591796875 72.22
6.599659033203125 72.22
6.599659228515625 72.22
6.599659375 72.22
6.599659228515625 72.22
6.59965927734375 72.22
6.599659326171875 72.22
