1.2423019165039062 51.88
1.242301904296875 51.88
1.2423018798828125 51.88
1.2423019165039062 51.88
1.242301904296875 51.88
1.2423018798828125 51.88
1.242301904296875 51.88
1.2423019165039062 51.88
1.2423019165039062 51.88
1.2423018920898437 51.88
1.242301904296875 51.88
1.2423019165039062 51.88
1.2423018798828125 51.88
1.242301904296875 51.88
1.2423018920898437 51.88
1.2423018676757813 51.88
1.2423019165039062 51.88
1.2423019287109376 51.88
1.2423018920898437 51.88
1.2423018920898437 51.88
1.2423018920898437 51.88
1.242301904296875 51.88
1.2423019287109376 51.88
1.2423019165039062 51.88
1.2423018798828125 51.88
1.2423019409179688 51.88
1.2423019165039062 51.88
1.2423018920898437 51.88
1.2423019165039062 51.88
1.2423019165039062 51.88
