2.3084536376953126 31.45
2.3035345458984375 11.39
2.3042749267578126 11.39
2.30134560546875 11.36
2.3012782470703126 11.36
2.3012978515625 11.35
2.3013025634765625 11.35
2.301278125 11.35
2.30127919921875 11.35
2.301273291015625 11.35
2.30127001953125 11.35
2.30126826171875 11.35
2.3012677490234377 11.35
2.3012667724609375 11.35
2.3012658935546875 11.35
2.301265625 11.35
2.301265478515625 11.35
2.301265087890625 11.35
2.301265087890625 11.35
2.3012650390625 11.35
2.30126484375 11.35
2.30126494140625 11.35
2.3012649169921877 11.35
2.3012647705078124 11.35
2.30126474609375 11.35
2.301264794921875 11.35
2.3012646484375 11.35
2.30126455078125 11.35
2.301264501953125 11.35
2.3012646240234376 11.35
