2.3073080322265627 9.82
2.3073080078125 9.82
2.3073080078125 9.82
2.3073080078125 9.82
2.3073080078125 9.82
2.3073080322265627 9.82
2.3073080810546873 9.82
2.3073079833984376 9.82
2.3073080322265627 9.82
2.3073080078125 9.82
2.3073079833984376 9.82
2.307307958984375 9.82
2.307308056640625 9.82
2.3073079345703125 9.82
2.3073080322265627 9.82
2.307307958984375 9.82
2.307307958984375 9.82
2.3073080322265627 9.82
2.307308056640625 9.82
2.3073080078125 9.82
2.3073080322265627 9.82
2.307307958984375 9.82
2.3073080322265627 9.82
2.3073080078125 9.82
2.3073080078125 9.82
2.30730791015625 9.82
2.3073080078125 9.82
2.307307958984375 9.82
2.3073079833984376 9.82
2.3073080078125 9.82
