15839120064.512 19.14
97600038921.8304 19.06
225292373616.2304 19.07
372012937641.984 19.09
512269500389.7856 19.05
631049478471.68 19.08
726353198868.0704 19.08
799338564629.2992 19.07
854089827929.2928 19.07
893712498425.856 19.08
922295579600.4865 19.08
942831623471.104 19.08
957391730376.704 19.07
967833419985.7152 19.07
975120744683.9296 19.07
980278329317.7856 19.07
983877901143.2448 19.07
986391953539.072 19.07
988177921736.704 19.07
989420663812.9152 19.07
990275758247.1168 19.07
990864685504.9216 19.07
991241119255.7568 19.07
991445566409.9327 19.07
991502984753.9712 19.07
991521983273.3696 19.07
991527949251.3792 19.07
991528123734.4257 19.07
991528123734.4257 19.07
991528117023.5392 19.07
