1.8584608276367187 32.79
1.8584608154296876 32.79
1.8584608276367187 32.79
1.8584608276367187 32.79
1.85846083984375 32.79
1.8584608276367187 32.79
1.85846083984375 32.79
1.8584608764648438 32.79
1.8584608764648438 32.79
1.8584608276367187 32.79
1.85846083984375 32.79
1.858460791015625 32.79
1.8584608154296876 32.79
1.8584608276367187 32.79
1.8584608154296876 32.79
1.8584608032226562 32.79
1.8584608764648438 32.79
1.8584608642578124 32.79
1.8584608520507813 32.79
1.8584608276367187 32.79
1.8584608764648438 32.79
1.85846083984375 32.79
1.8584608764648438 32.79
1.8584608520507813 32.79
1.8584608032226562 32.79
1.8584608032226562 32.79
1.8584608154296876 32.79
1.858460888671875 32.79
1.8584608520507813 32.79
1.8584608642578124 32.79
