0.9341721069335938 70.93
1.0236298217773439 68.23
0.9647121765136719 69.42
0.8983712585449218 71.84
0.8931278076171875 71.49
0.8940842834472656 71.33
0.895305322265625 71.28
0.8965151489257812 71.15
0.8993776550292969 70.95
0.9015593383789062 70.89
0.9011713500976563 70.89
0.9010769958496094 70.91
0.9016267700195313 70.88
0.9019494323730469 70.85
0.9019901245117188 70.86
0.9018702758789062 70.86
0.9019357604980469 70.85
0.9019109375 70.86
0.9019528930664062 70.85
0.9019768005371094 70.85
0.9019863586425781 70.86
0.9020049255371094 70.85
0.9020068481445312 70.86
0.9019932373046875 70.86
0.9019730712890625 70.87
0.9019365234375 70.86
0.9018656860351563 70.87
0.9018156005859375 70.9
0.9017814636230469 70.89
0.9017530639648438 70.88
