2.3093231689453124 16.07
2.3093232177734375 16.07
2.3093232421875 16.07
2.309323193359375 16.07
2.30932333984375 16.07
2.3093232421875 16.07
2.3093232421875 16.07
2.30932333984375 16.07
2.3093232421875 16.07
2.309323291015625 16.07
2.309323193359375 16.07
2.3093232177734375 16.07
2.3093233154296877 16.07
2.3093232177734375 16.07
2.3093232421875 16.07
2.309323291015625 16.07
2.3093232666015626 16.07
2.3093232177734375 16.07
2.3093232666015626 16.07
2.3093232666015626 16.07
2.3093232421875 16.07
2.3093231689453124 16.07
2.309323193359375 16.07
2.3093232666015626 16.07
2.3093232666015626 16.07
2.3093232421875 16.07
2.3093232177734375 16.07
2.3093232421875 16.07
2.3093232421875 16.07
2.3093232421875 16.07
