2.3118884765625 9.82
2.3118884765625 9.82
2.3118884521484375 9.82
2.3118885009765626 9.82
2.3118884033203124 9.82
2.3118884033203124 9.82
2.311888427734375 9.82
2.3118885009765626 9.82
2.3118885009765626 9.82
2.3118884521484375 9.82
2.3118884033203124 9.82
2.31188837890625 9.82
2.311888427734375 9.82
2.311888525390625 9.82
2.3118884033203124 9.82
2.3118884521484375 9.82
2.3118884765625 9.82
2.3118884521484375 9.82
2.3118884033203124 9.82
2.3118884521484375 9.82
2.3118885009765626 9.82
2.3118884033203124 9.82
2.311888427734375 9.82
2.3118884521484375 9.82
2.3118885498046877 9.82
2.3118884033203124 9.82
2.31188837890625 9.82
2.311888427734375 9.82
2.3118885009765626 9.82
2.3118885009765626 9.82
