15.374566015625 42.9
14.45494609375 69.46
8.990768994140625 57.44
2.271636474609375 20.67
2.1538538330078123 23.57
2.2840573486328126 22.12
2.27997666015625 21.37
2.4143746337890626 18.86
2.39858232421875 18.36
2.42914716796875 17.89
2.4203605224609377 17.6
2.3736803955078125 17.09
2.3929243896484373 16.86
2.4005293701171877 16.81
2.408061474609375 16.71
2.413362646484375 16.74
2.3920267578125 16.6
2.389907958984375 16.57
2.3968239501953126 16.55
2.403228271484375 16.51
2.3980384521484375 16.47
2.3917224365234375 16.49
2.393000634765625 16.49
2.3935523193359374 16.49
2.3937167236328123 16.5
2.392371435546875 16.48
2.3924046630859377 16.48
2.392249560546875 16.47
2.39214697265625 16.46
2.391755419921875 16.46
