2.30181728515625 10.0
2.301817236328125 10.0
2.3018172119140625 10.0
2.3018172119140625 10.0
2.30181728515625 10.0
2.3018173095703127 10.0
2.3018172119140625 10.0
2.3018171875 10.0
2.30181728515625 10.0
2.3018172119140625 10.0
2.3018172119140625 10.0
2.3018172607421876 10.0
2.3018173095703127 10.0
2.3018171875 10.0
2.3018173095703127 10.0
2.301817236328125 10.0
2.3018171875 10.0
2.3018172607421876 10.0
2.3018172607421876 10.0
2.30181728515625 10.0
2.3018172119140625 10.0
2.30181728515625 10.0
2.3018171875 10.0
2.3018173095703127 10.0
2.3018172607421876 10.0
2.301817333984375 10.0
2.30181728515625 10.0
2.3018172607421876 10.0
2.3018172607421876 10.0
2.3018172119140625 10.0
