9.3650173828125 84.93
7.655450732421875 70.65
57.229858203125 28.28
4.612240161132813 22.93
7.008071533203125 23.23
11.47340546875 23.38
12.6206703125 23.15
15.83373974609375 16.52
16.22680146484375 16.5
17.6764755859375 16.74
17.58611484375 16.71
17.5449853515625 16.58
17.955043359375 16.72
18.1258337890625 16.67
18.1159734375 16.73
18.199927734375 16.69
18.2340427734375 16.67
18.26701669921875 16.67
18.2932392578125 16.67
18.29366943359375 16.66
18.31342880859375 16.66
18.31523828125 16.66
18.327888671875 16.66
18.32730234375 16.66
18.314894921875 16.66
18.30219921875 16.67
18.2924986328125 16.68
18.2850759765625 16.69
18.2824833984375 16.69
18.2784693359375 16.69
