31.7260548828125 10.03
31.7260546875 10.03
31.7260548828125 10.03
31.7260548828125 10.03
31.726055078125 10.03
31.7260556640625 10.03
31.72605546875 10.03
31.7260552734375 10.03
31.7260541015625 10.03
31.7260556640625 10.03
31.726055078125 10.03
31.726054296875 10.03
31.72605390625 10.03
31.7260552734375 10.03
31.7260546875 10.03
31.72605546875 10.03
31.726054296875 10.03
31.726055078125 10.03
31.7260560546875 10.03
31.7260544921875 10.03
31.7260548828125 10.03
31.72605546875 10.03
31.7260544921875 10.03
31.7260556640625 10.03
31.7260552734375 10.03
31.726055078125 10.03
31.7260546875 10.03
31.7260548828125 10.03
31.726055859375 10.03
31.726055859375 10.03
