2.3063875732421875 12.65
2.3063876708984377 12.65
2.3063875732421875 12.65
2.3063876708984377 12.65
2.3063876708984377 12.65
2.306387646484375 12.65
2.3063876708984377 12.65
2.3063876708984377 12.65
2.3063875732421875 12.65
2.30638759765625 12.65
2.306387646484375 12.65
2.30638759765625 12.65
2.3063875732421875 12.65
2.3063876953125 12.65
2.3063877197265623 12.65
2.306387646484375 12.65
2.3063875732421875 12.65
2.306387646484375 12.65
2.3063876708984377 12.65
2.30638759765625 12.65
2.3063876220703126 12.65
2.30638759765625 12.65
2.3063876953125 12.65
2.3063876220703126 12.65
2.3063876220703126 12.65
2.30638759765625 12.65
2.3063876220703126 12.65
2.3063876220703126 12.65
2.3063876220703126 12.65
2.3063876708984377 12.65
