296306658.5088 10.0
11339156370.2272 10.0
62779489989.4272 10.0
166576976297.984 10.0
302818937484.0832 10.0
445262524422.5536 10.0
574070543142.0928 10.0
680187863760.896 10.0
760771368923.9552 10.0
820038199777.6896 10.0
862735858820.7104 10.0
892942518163.8656 10.0
914021412346.2656 10.0
928599256124.6208 10.0
938606992975.4624 10.0
945451144157.5936 10.0
950103372201.984 10.0
953250093413.1711 10.0
955324669991.3217 10.0
956768483645.8496 10.0
957286262086.0416 10.0
957520431756.0833 10.0
957840681965.9775 10.0
957993368053.3503 10.0
958091461079.8593 10.0
958091367127.4496 10.0
958091427525.4272 10.0
958091125535.5392 10.0
958091132246.4257 10.0
958091105402.88 10.0
