4.25340458984375 25.5
40.9807578125 16.68
193.97008125 15.57
326.355221875 10.43
427.1527625 9.98
528.38656875 9.95
614.41860625 9.98
679.4721875 9.97
730.649475 9.97
762.1651125 9.97
793.43315 9.97
809.870725 9.97
822.81165 9.97
833.39213125 9.97
840.5462125 9.97
845.1385375 9.97
848.35101875 9.97
850.84039375 9.97
852.6858625 9.97
854.00138125 9.97
854.92104375 9.97
855.50879375 9.97
855.9372375 9.97
856.23615625 9.97
856.435575 9.97
856.457875 9.97
856.47516875 9.97
856.487475 9.97
856.4836875 9.97
856.48063125 9.97
