0.6144260131835938 79.6
0.5924025207519531 79.77
0.5799549560546875 79.39
0.585436083984375 79.12
0.5875113159179688 78.71
0.5892334594726563 78.54
0.5888175537109375 78.57
0.5894221130371093 78.51
0.5897126525878906 78.54
0.5900296264648438 78.57
0.5902188293457031 78.58
0.590322265625 78.6
0.5904146545410156 78.58
0.5904953979492188 78.59
0.5905393798828125 78.59
0.5905841796875 78.58
0.5906032531738281 78.57
0.5906278503417969 78.56
0.5906384704589843 78.56
0.5906447326660156 78.57
0.5906505310058594 78.57
0.590655712890625 78.57
0.5906590454101562 78.57
0.5906620910644531 78.57
0.5906637084960937 78.57
0.5906652770996094 78.57
0.5906664367675781 78.57
0.5906669311523437 78.57
0.5906674621582031 78.57
0.5906676635742187 78.57
