14250307210130.227 22.81
3232494943916681.0 24.23
1.6810487263088188e+16 27.71
2.8978266886682916e+16 29.18
3.5645236125953844e+16 29.7
3.894046477781712e+16 29.85
4.127450058458094e+16 29.91
4.2877193593301656e+16 29.96
4.39631552795816e+16 30.01
4.462855024980001e+16 30.06
4.508639128965245e+16 30.07
4.543001682083012e+16 30.04
4.566385039851389e+16 30.06
4.584379163366454e+16 30.04
4.596573846830118e+16 30.05
4.6051876848049064e+16 30.05
4.610491377053577e+16 30.05
4.609814341773658e+16 30.06
4.607027827465152e+16 30.07
4.603562562638588e+16 30.07
4.604349461120355e+16 30.07
4.6051067607491016e+16 30.07
4.6046716180272936e+16 30.08
4.598962293948903e+16 30.09
4.5932684949746984e+16 30.08
4.589192605370533e+16 30.05
4.589034407637528e+16 30.05
4.589033528028226e+16 30.05
4.5890333081259e+16 30.05
4.58903313220404e+16 30.05
