7.523264990234375 63.69
7.3927376953125 63.43
2.77515126953125 76.1
0.9625854064941406 75.97
0.829622802734375 75.29
1.4587465209960937 74.11
2.379276171875 73.75
3.2090619384765624 73.45
3.8719301513671875 73.17
4.376332397460938 73.04
4.741704931640625 72.95
5.008768017578125 72.88
5.195294677734375 72.8
5.32880859375 72.77
5.4186443359375 72.75
5.4841986328125 72.76
5.531308984375 72.73
5.56549921875 72.72
5.5889013671875 72.71
5.60508525390625 72.7
5.616614794921875 72.7
5.624348681640625 72.7
5.629681982421875 72.7
5.633484375 72.7
5.636212255859375 72.7
5.63815810546875 72.7
5.6394884765625 72.7
5.640431884765625 72.7
5.64109892578125 72.7
5.64148623046875 72.7
