7.7229091796875 22.36
13.513244140625 22.33
19.91045703125 22.32
24.126719140625 22.27
27.325311328125 22.33
30.085106640625 22.3
31.1949744140625 22.19
31.9807599609375 22.19
32.9582876953125 22.21
33.2705044921875 22.2
33.5525388671875 22.16
33.8633126953125 22.18
34.1740125 22.18
34.4160861328125 22.19
34.4879357421875 22.19
34.5595521484375 22.19
34.644931640625 22.2
34.681105078125 22.2
34.709378515625 22.2
34.728773828125 22.2
34.73964921875 22.2
34.74125625 22.2
34.74525078125 22.2
34.744497265625 22.2
34.74198671875 22.2
34.747105078125 22.19
34.749285546875 22.19
34.749285546875 22.19
34.7492828125 22.19
34.7492826171875 22.19
