2.30841630859375 10.28
2.308416259765625 10.28
2.308416259765625 10.28
2.3084162109375 10.28
2.3084161865234374 10.28
2.308416357421875 10.28
2.308416357421875 10.28
2.308416259765625 10.28
2.308416259765625 10.28
2.3084162841796876 10.28
2.3084162353515625 10.28
2.3084162841796876 10.28
2.308416259765625 10.28
2.3084163330078127 10.28
2.3084162353515625 10.28
2.3084162841796876 10.28
2.3084162841796876 10.28
2.30841630859375 10.28
2.308416259765625 10.28
2.308416259765625 10.28
2.308416259765625 10.28
2.3084162841796876 10.28
2.3084162109375 10.28
2.308416162109375 10.28
2.3084162841796876 10.28
2.308416162109375 10.28
2.3084162353515625 10.28
2.3084162353515625 10.28
2.3084162109375 10.28
2.3084162109375 10.28
