2.4806558837890624 11.57
2.446259716796875 14.07
2.408138330078125 10.02
2.3647587158203125 10.03
2.33302431640625 15.29
2.3133517822265626 15.5
2.3022686767578127 11.66
2.2956388916015626 11.69
2.2916205810546875 11.71
2.28915458984375 11.68
2.2875461181640624 11.77
2.286390234375 11.75
2.285607177734375 11.77
2.2851128173828124 11.78
2.2847656982421873 11.78
2.2845251953125 11.78
2.284360498046875 11.8
2.2842427490234374 11.81
2.28416171875 11.81
2.284105859375 11.81
2.2840667724609376 11.81
2.2840384521484376 11.81
2.2840189453125 11.81
2.2840053466796877 11.81
2.2839957275390623 11.81
2.2839888427734376 11.81
2.283984228515625 11.8
2.2839816162109376 11.8
2.2839808837890625 11.8
2.283980859375 11.8
