0.6940212585449219 77.86
0.6940212707519531 77.86
0.6940212585449219 77.86
0.6940212524414062 77.86
0.6940212341308594 77.86
0.6940212829589844 77.86
0.6940212585449219 77.86
0.6940212585449219 77.86
0.694021240234375 77.86
0.6940212646484375 77.86
0.6940212768554688 77.86
0.6940212341308594 77.86
0.6940212524414062 77.86
0.6940212646484375 77.86
0.6940212524414062 77.86
0.6940212707519531 77.86
0.6940212524414062 77.86
0.6940212585449219 77.86
0.6940212768554688 77.86
0.6940212646484375 77.86
0.6940212463378906 77.86
0.6940212585449219 77.86
0.6940212768554688 77.86
0.6940212768554688 77.86
0.6940212524414062 77.86
0.6940212524414062 77.86
0.6940212463378906 77.86
0.6940212707519531 77.86
0.6940212585449219 77.86
0.694021240234375 77.86
