15020.3478 22.16
8740212.6848 28.24
149844161.3312 28.34
431084853.6576 28.38
738907874.9184 28.38
1024525598.72 28.34
1268678590.464 28.36
1464457533.8496 28.37
1615966542.2336 28.39
1729873130.2912 28.39
1811070045.3888 28.39
1869967510.7328 28.39
1911938783.6416 28.38
1942125831.7824 28.37
1963687490.3552 28.36
1979147458.9696 28.36
1989952733.184 28.36
1997460275.2 28.36
2002791366.656 28.36
2006553971.9168 28.36
2009092233.6256 28.36
2010891655.5776 28.36
2012124518.8096 28.36
2012970064.2816 28.36
2013564751.0528 28.36
2013933089.5872 28.36
2014090061.4144 28.36
2014123366.8096 28.36
2014129396.1216 28.36
2014129396.1216 28.36
