0.8753911193847657 75.03
0.8255843688964843 77.38
0.8402029296875 77.1
0.8551270324707031 76.37
0.882674560546875 75.0
0.9537699768066407 72.62
1.1488251342773437 66.75
1.3285655639648437 61.81
1.4737651123046875 57.99
1.5834179321289064 54.84
1.6614255493164063 52.71
1.715994189453125 51.38
1.7532457885742188 49.99
1.778207373046875 49.31
1.797150732421875 48.81
1.8093808959960938 48.44
1.8181723876953124 48.1
1.8242509887695313 47.98
1.828580615234375 47.87
1.83129345703125 47.82
1.8333235961914063 47.78
1.8350237670898437 47.74
1.83629130859375 47.7
1.837170947265625 47.67
1.8378989624023438 47.67
1.8383863525390625 47.65
1.8387297973632812 47.64
1.8389576904296876 47.62
1.8391531494140625 47.62
1.8392690063476562 47.62
