2.302585205078125 10.0
2.302585205078125 10.0
2.302585205078125 10.0
2.302585205078125 10.0
2.302585205078125 10.0
2.302585205078125 10.0
2.302585205078125 10.0
2.302585205078125 10.0
2.302585205078125 10.0
2.302585205078125 10.0
2.302585205078125 10.0
2.302585205078125 10.0
2.302585205078125 10.0
2.302585205078125 10.0
2.302585205078125 10.0
2.302585205078125 10.0
2.302585205078125 10.0
2.302585205078125 10.0
2.302585205078125 10.0
2.302585205078125 10.0
2.302585205078125 10.0
2.302585205078125 10.0
2.302585205078125 10.0
2.302585205078125 10.0
2.302585205078125 10.0
2.302585205078125 10.0
2.302585205078125 10.0
2.302585205078125 10.0
2.302585205078125 10.0
2.302585205078125 10.0
