0.3599371871948242 90.69
0.41125759582519533 89.36
0.34039947814941407 93.67
0.5104339599609375 94.01
0.6985904418945312 93.99
0.8383385375976562 93.98
0.9449754577636719 93.97
1.01503154296875 93.96
1.0689176818847657 93.96
1.1047170654296874 93.96
1.132195623779297 93.98
1.1500834838867187 93.98
1.1633580383300781 93.98
1.1722236083984374 93.98
1.1783098205566407 93.98
1.18264892578125 93.98
1.1857757934570312 93.98
1.1878413330078126 93.98
1.1893944091796875 93.98
1.1904532958984375 93.98
1.1911541870117188 93.98
1.1916908081054687 93.98
1.1920906127929687 93.98
1.1923481323242187 93.98
1.1925168090820313 93.98
1.1926293334960938 93.98
1.1927221374511718 93.98
1.1927785766601562 93.98
1.192822802734375 93.98
1.1928520751953124 93.98
