109262851486.5152 11.85
1288522682911.9487 11.64
3374884396308.8896 11.62
5345049863153.255 11.61
6776961304310.579 11.64
7706351961846.579 11.67
8286156225930.8545 11.68
8645892700844.852 11.71
8873022543678.668 11.71
9018125060984.014 11.72
9111259010878.668 11.71
9171923115389.748 11.73
9212347830763.52 11.72
9240148080328.703 11.72
9258332864485.785 11.72
9269374473784.525 11.72
9276770622216.602 11.73
9282494095635.252 11.73
9286424796017.459 11.73
9289314235265.844 11.73
9291213308742.861 11.73
9292313357241.549 11.73
9293236130965.094 11.73
9294144516548.2 11.73
9293713087083.314 11.73
9292684818225.562 11.73
9292554090158.49 11.73
9292551781613.568 11.73
9292551191055.564 11.73
9292551083681.383 11.73
