0.967743017578125 67.54
1.026408349609375 68.98
1.5400937377929687 58.91
2.10273310546875 54.12
2.5951317626953125 51.55
2.9087635986328126 50.48
3.2054989501953126 49.33
3.4280293701171876 48.48
3.5698151611328126 48.11
3.672355419921875 47.93
3.734890283203125 47.83
3.783573388671875 47.79
3.8162601318359375 47.74
3.836011767578125 47.7
3.8542741455078127 47.7
3.866724365234375 47.68
3.8753675048828127 47.68
3.8814631591796873 47.68
3.8853831298828125 47.66
3.88805048828125 47.66
3.8899501953125 47.66
3.8912401123046876 47.67
3.8920913330078126 47.67
3.8927477294921875 47.67
3.89296923828125 47.67
3.893151513671875 47.67
3.8929297607421876 47.67
3.892818310546875 47.67
3.8927334228515624 47.67
3.892664794921875 47.67
