1.1405280517578125 56.04
1.0401201782226563 59.11
1.042727947998047 59.27
1.043749072265625 59.25
1.0437489990234374 59.25
1.0437489990234374 59.25
1.0437490295410157 59.25
1.0437490417480468 59.25
1.0437490051269531 59.25
1.0437490417480468 59.25
1.0437490295410157 59.25
1.0437490173339843 59.25
1.043749072265625 59.25
1.0437490173339843 59.25
1.0437490600585937 59.25
1.0437489990234374 59.25
1.0437490112304688 59.25
1.0437490539550782 59.25
1.0437490783691405 59.25
1.0437490356445311 59.25
1.0437490539550782 59.25
1.0437490112304688 59.25
1.0437490234375 59.25
1.0437489807128906 59.25
1.0437489868164063 59.25
1.0437490295410157 59.25
1.0437490356445311 59.25
1.0437490295410157 59.25
1.0437489868164063 59.25
1.0437490295410157 59.25
