1.4216796264648437 87.72
1.46038603515625 88.44
1.435622509765625 88.48
1.4356224731445313 88.48
1.4356224609375 88.48
1.435622509765625 88.48
1.4356224853515624 88.48
1.4356224975585938 88.48
1.4356225219726562 88.48
1.435622509765625 88.48
1.4356224975585938 88.48
1.435622509765625 88.48
1.4356225341796875 88.48
1.4356224609375 88.48
1.4356224731445313 88.48
1.4356225463867187 88.48
1.4356225219726562 88.48
1.4356224731445313 88.48
1.435622509765625 88.48
1.4356225219726562 88.48
1.4356224853515624 88.48
1.4356224731445313 88.48
1.435622509765625 88.48
1.4356224243164062 88.48
1.4356224731445313 88.48
1.4356224609375 88.48
1.4356224731445313 88.48
1.4356224731445313 88.48
1.4356224853515624 88.48
1.4356224609375 88.48
