4.581892724609375 79.32
17.21166591796875 87.64
38.90486171875 87.64
62.47099921875 87.64
83.1704984375 87.64
100.034259375 87.64
112.8846328125 87.64
122.44543515625 87.64
129.5486125 87.64
134.50676640625 87.64
138.1473609375 87.64
140.8266671875 87.64
142.640409375 87.64
143.9368921875 87.64
144.86816796875 87.64
145.51590703125 87.64
145.96430078125 87.64
146.2804609375 87.64
146.5067078125 87.64
146.66080625 87.64
146.77198984375 87.64
146.8493859375 87.64
146.9021453125 87.64
146.938078125 87.64
146.9617765625 87.64
146.97797578125 87.64
146.9877546875 87.64
146.99381328125 87.64
146.9976546875 87.64
146.999853125 87.64
