1.6730810424804687 57.16
4.652878662109375 50.69
1.481209716796875 64.86
1.4809145385742188 64.91
1.4809145263671875 64.91
1.4809145263671875 64.91
1.4809144897460937 64.91
1.4809145263671875 64.91
1.4809145874023437 64.91
1.4809145385742188 64.91
1.48091455078125 64.91
1.4809145141601563 64.91
1.4809145629882812 64.91
1.4809145385742188 64.91
1.4809145141601563 64.91
1.4809145141601563 64.91
1.4809145385742188 64.91
1.4809145385742188 64.91
1.4809145629882812 64.91
1.4809145385742188 64.91
1.4809145385742188 64.91
1.4809145385742188 64.91
1.4809145263671875 64.91
1.480914501953125 64.91
1.4809145385742188 64.91
1.4809145751953126 64.91
1.4809145141601563 64.91
1.4809145263671875 64.91
1.4809145263671875 64.91
1.480914501953125 64.91
