2.3150685791015624 10.0
2.3150684814453126 10.0
2.3150685791015624 10.0
2.3150685791015624 10.0
2.3150685546875 10.0
2.3150685546875 10.0
2.3150685302734373 10.0
2.3150685302734373 10.0
2.3150685546875 10.0
2.3150685791015624 10.0
2.3150685791015624 10.0
2.315068505859375 10.0
2.315068505859375 10.0
2.315068603515625 10.0
2.3150686279296875 10.0
2.3150685302734373 10.0
2.3150685791015624 10.0
2.3150685546875 10.0
2.3150685546875 10.0
2.3150685791015624 10.0
2.3150685546875 10.0
2.3150684814453126 10.0
2.3150685302734373 10.0
2.3150685546875 10.0
2.3150685791015624 10.0
2.315068603515625 10.0
2.3150685546875 10.0
2.3150685302734373 10.0
2.3150685791015624 10.0
2.3150685546875 10.0
