2.3293962158203123 10.0
2.3293963623046876 10.0
2.32939619140625 10.0
2.3293962646484374 10.0
2.3293962646484374 10.0
2.32939619140625 10.0
2.3293962646484374 10.0
2.329396337890625 10.0
2.329396240234375 10.0
2.329396337890625 10.0
2.3293962158203123 10.0
2.329396240234375 10.0
2.32939619140625 10.0
2.3293962890625 10.0
2.329396240234375 10.0
2.3293962158203123 10.0
2.3293963134765625 10.0
2.3293962890625 10.0
2.3293962158203123 10.0
2.329396240234375 10.0
2.3293962646484374 10.0
2.329396240234375 10.0
2.329396142578125 10.0
2.3293962890625 10.0
2.32939619140625 10.0
2.329396142578125 10.0
2.3293962890625 10.0
2.3293962890625 10.0
2.3293961669921877 10.0
2.3293962646484374 10.0
