2.314006298828125 9.82
2.31400634765625 9.82
2.3140062255859375 9.82
2.314006298828125 9.82
2.31400625 9.82
2.31400625 9.82
2.31400625 9.82
2.3140062744140626 9.82
2.314006201171875 9.82
2.3140062255859375 9.82
2.314006201171875 9.82
2.3140063232421877 9.82
2.3140062744140626 9.82
2.3140062744140626 9.82
2.3140062255859375 9.82
2.3140061279296873 9.82
2.3140062744140626 9.82
2.3140062744140626 9.82
2.3140062744140626 9.82
2.314006298828125 9.82
2.3140062744140626 9.82
2.3140062744140626 9.82
2.314006298828125 9.82
2.3140062744140626 9.82
2.31400625 9.82
2.314006298828125 9.82
2.3140062744140626 9.82
2.3140062255859375 9.82
2.314006201171875 9.82
2.3140062744140626 9.82
