2.127558447265625 22.38
1.8286916015625 29.24
4.130959326171875 20.31
4.199392211914063 28.86
3.067753759765625 13.1
2.811501611328125 10.0
3.4782335693359374 21.04
4.19139013671875 12.69
4.930491748046875 20.97
5.8562025390625 22.56
8.073945654296875 20.35
6.694600048828125 21.55
6.048446044921875 21.83
5.75176025390625 22.35
5.6641197265625 22.81
5.46372314453125 22.98
5.29462548828125 22.91
5.186706396484375 22.29
5.1254111328125 21.9
5.070583984375 21.3
5.04097412109375 20.77
5.0200841796875 20.47
5.00257724609375 20.23
4.989895361328125 20.09
4.9812423828125 20.01
4.975632958984375 19.99
4.971691845703125 19.94
4.970002294921875 19.94
4.96848095703125 19.9
4.968049072265625 19.9
