2.279630908203125 20.61
2.2796309326171875 20.61
2.2796309326171875 20.61
2.27963095703125 20.61
2.2796309814453126 20.61
2.279630859375 20.61
2.27963095703125 20.61
2.2796309814453126 20.61
2.2796308349609373 20.61
2.2796309326171875 20.61
2.279630908203125 20.61
2.2796309814453126 20.61
2.2796309326171875 20.61
2.2796309814453126 20.61
2.2796310302734377 20.61
2.27963095703125 20.61
2.27963095703125 20.61
2.27963095703125 20.61
2.279630908203125 20.61
2.27963095703125 20.61
2.279630908203125 20.61
2.2796309814453126 20.61
2.279630908203125 20.61
2.279630859375 20.61
2.279631005859375 20.61
2.2796308837890624 20.61
2.2796308837890624 20.61
2.279630859375 20.61
2.279631005859375 20.61
2.2796309814453126 20.61
