0.9399649719238281 71.55
0.8712262268066406 75.86
1.1311824096679688 67.26
1.4192923461914062 66.93
0.9669585754394531 74.91
1.9632353149414064 60.07
1.9426507568359375 57.9
1.86219697265625 57.87
1.780885498046875 57.93
1.6312782348632813 59.01
1.619847314453125 58.82
1.5893025756835937 59.11
1.543344091796875 59.73
1.5497992309570312 59.56
1.5274421997070313 59.92
1.5175945190429687 59.97
1.515371875 60.06
1.509816943359375 60.1
1.5073987182617188 60.08
1.5077407592773437 60.08
1.5058300903320312 60.08
1.5052399047851563 60.07
1.5043306030273438 60.08
1.5036596923828125 60.09
1.5031889892578125 60.1
1.502480810546875 60.1
1.5017016479492187 60.12
1.500817724609375 60.13
1.4995951538085937 60.11
1.4979901123046875 60.08
