2.3064713134765626 10.0
2.30647138671875 10.0
2.306471337890625 10.0
2.306471240234375 10.0
2.3064713623046873 10.0
2.3064713623046873 10.0
2.3064713623046873 10.0
2.3064712890625 10.0
2.3064713623046873 10.0
2.3064713623046873 10.0
2.3064714111328124 10.0
2.3064713623046873 10.0
2.3064714111328124 10.0
2.3064713134765626 10.0
2.3064713134765626 10.0
2.3064713623046873 10.0
2.3064713134765626 10.0
2.3064713623046873 10.0
2.3064713134765626 10.0
2.30647138671875 10.0
2.3064714111328124 10.0
2.3064712890625 10.0
2.3064713134765626 10.0
2.3064713623046873 10.0
2.30647138671875 10.0
2.306471337890625 10.0
2.30647138671875 10.0
2.306471337890625 10.0
2.306471337890625 10.0
2.306471337890625 10.0
