341496.8512 51.27
1556338.2528 51.31
2447699.9424 51.33
3084869.5296 51.33
3562571.4176 51.33
3899460.3264 51.33
4144390.016 51.36
4321311.8208 51.36
4452858.0608 51.36
4544261.4272 51.36
4606426.88 51.36
4651859.84 51.36
4683194.4704 51.36
4705622.0672 51.36
4720851.3536 51.36
4731768.4224 51.36
4739441.8688 51.36
4744641.5616 51.37
4748262.2464 51.37
4750797.6192 51.37
4752617.9328 51.37
4753889.792 51.37
4754749.5936 51.37
4755378.0736 51.37
4755821.7984 51.37
4756045.4656 51.37
4756125.0816 51.37
4756131.4304 51.37
4756131.4048 51.37
4756131.5328 51.37
