0.5632441711425781 88.68
0.5387180114746094 89.07
0.5237808685302734 89.3
0.5237808563232422 89.3
0.523780859375 89.3
0.5237808654785157 89.3
0.5237808807373047 89.3
0.5237808654785157 89.3
0.5237808715820312 89.3
0.5237808715820312 89.3
0.5237808563232422 89.3
0.5237808776855468 89.3
0.5237808715820312 89.3
0.5237808502197265 89.3
0.5237808563232422 89.3
0.5237808654785157 89.3
0.5237808654785157 89.3
0.523780859375 89.3
0.523780859375 89.3
0.523780859375 89.3
0.5237808715820312 89.3
0.5237808746337891 89.3
0.5237808715820312 89.3
0.5237808624267578 89.3
0.5237808654785157 89.3
0.5237808563232422 89.3
0.523780859375 89.3
0.5237808654785157 89.3
0.5237808654785157 89.3
0.5237808776855468 89.3
