6.269515185546875 12.83
7.93174755859375 12.85
8.53596806640625 12.85
8.29381728515625 12.85
8.049214697265626 12.86
7.856393408203125 12.86
7.691826171875 12.86
7.5678671875 12.86
7.46700419921875 12.83
7.40026923828125 12.83
7.34753837890625 12.83
7.324088671875 12.85
7.3081400390625 12.85
7.295972998046875 12.85
7.291433447265625 12.85
7.282740185546875 12.85
7.27829130859375 12.85
7.274333837890625 12.85
7.27135478515625 12.85
7.269412109375 12.85
7.2686162109375 12.85
7.267896728515625 12.85
7.267032470703125 12.85
7.266769873046875 12.85
7.26662216796875 12.85
7.266210693359375 12.85
7.265876025390625 12.85
7.265689306640625 12.85
7.26554814453125 12.85
7.265437255859375 12.85
