1.1575551879882813 56.14
1.3143652709960938 49.3
1.2316371704101563 52.4
1.2081353881835937 53.0
1.1929397216796875 53.15
1.2096602172851563 52.75
1.199529150390625 52.89
1.2015770751953125 52.77
1.1977891967773437 52.8
1.1947615112304688 52.89
1.1955484497070312 52.88
1.1954615844726562 52.85
1.1960157104492188 52.85
1.1944319458007813 52.94
1.1945025146484376 52.95
1.1945742553710939 52.93
1.194114501953125 52.94
1.1938057495117187 52.95
1.1938543334960938 52.95
1.1938886352539062 52.96
1.1939299682617188 52.96
1.1939569091796876 52.97
1.1939893920898437 52.97
1.1940281372070312 52.94
1.194160205078125 52.94
1.1943804443359376 52.94
1.1946863403320314 52.93
1.1949552856445314 52.94
1.1951579833984376 52.92
1.1952486938476563 52.93
