1.6943119262695312 30.04
1.6944710083007812 30.03
1.6944710083007812 30.03
1.6944710083007812 30.03
1.6944710327148438 30.03
1.6944710327148438 30.03
1.69447099609375 30.03
1.6944709716796875 30.03
1.69447099609375 30.03
1.6944710327148438 30.03
1.6944710083007812 30.03
1.6944710205078124 30.03
1.6944710205078124 30.03
1.6944710571289063 30.03
1.6944710327148438 30.03
1.6944710083007812 30.03
1.6944710083007812 30.03
1.69447099609375 30.03
1.6944709838867187 30.03
1.69447099609375 30.03
1.6944710083007812 30.03
1.6944710083007812 30.03
1.69447099609375 30.03
1.69447099609375 30.03
1.6944710205078124 30.03
1.6944710083007812 30.03
1.6944709838867187 30.03
1.6944710327148438 30.03
1.694471044921875 30.03
1.6944710083007812 30.03
