2.3037563232421876 9.22
2.303756396484375 9.22
2.3037563232421876 9.22
2.303756396484375 9.22
2.3037563232421876 9.22
2.30375634765625 9.22
2.303756396484375 9.22
2.3037563232421876 9.22
2.30375634765625 9.22
2.3037564453125 9.22
2.3037564208984374 9.22
2.3037564208984374 9.22
2.3037564208984374 9.22
2.3037562255859374 9.22
2.3037562744140625 9.22
2.3037562744140625 9.22
2.303756396484375 9.22
2.3037564208984374 9.22
2.3037563720703127 9.22
2.303756396484375 9.22
2.3037563720703127 9.22
2.3037563720703127 9.22
2.3037563232421876 9.22
2.30375634765625 9.22
2.303756396484375 9.22
2.303756396484375 9.22
2.30375634765625 9.22
2.303756396484375 9.22
2.3037563720703127 9.22
2.3037563720703127 9.22
