4851.28535 11.99
8753.64825 11.99
11450.2413 11.99
13513.7394 11.99
15009.5145 11.98
16090.4829 11.98
16862.8472 11.98
17412.5512 11.98
17803.043 11.98
18076.162 11.98
18266.9682 11.97
18402.6752 11.97
18496.0076 11.97
18561.7732 11.97
18608.3502 11.97
18641.406 11.97
18664.492 11.97
18680.55 11.97
18691.7792 11.97
18699.5302 11.97
18705.0616 11.97
18709.1842 11.97
18711.9816 11.97
18713.278 11.97
18714.3854 11.97
18715.3396 11.97
18715.4224 11.97
18715.4222 11.97
18715.4212 11.97
18715.4216 11.97
