2.4199028564453124 17.96
2.4199029052734375 17.96
2.4199029052734375 17.96
2.4199028564453124 17.96
2.4199029052734375 17.96
2.4199029296875 17.96
2.4199029541015626 17.96
2.41990283203125 17.96
2.41990283203125 17.96
2.4199029052734375 17.96
2.419902880859375 17.96
2.4199029052734375 17.96
2.419902880859375 17.96
2.4199028564453124 17.96
2.419902880859375 17.96
2.419902880859375 17.96
2.4199028564453124 17.96
2.419902880859375 17.96
2.419902880859375 17.96
2.4199029541015626 17.96
2.4199028564453124 17.96
2.419902880859375 17.96
2.419902783203125 17.96
2.4199029541015626 17.96
2.419902880859375 17.96
2.419902880859375 17.96
2.4199028564453124 17.96
2.4199029541015626 17.96
2.4199028564453124 17.96
2.4199029296875 17.96
