0.6710479736328125 76.13
0.5802752014160156 78.83
0.5873317504882812 78.75
0.5873317565917969 78.75
0.5873317565917969 78.75
0.5873317687988281 78.75
0.5873317626953125 78.75
0.5873317504882812 78.75
0.5873317504882812 78.75
0.5873317565917969 78.75
0.5873317504882812 78.75
0.5873317504882812 78.75
0.58733173828125 78.75
0.58733173828125 78.75
0.5873317565917969 78.75
0.5873317443847657 78.75
0.5873317504882812 78.75
0.5873317687988281 78.75
0.5873317443847657 78.75
0.5873317626953125 78.75
0.58733173828125 78.75
0.5873317443847657 78.75
0.5873317504882812 78.75
0.5873317504882812 78.75
0.5873317504882812 78.75
0.5873317443847657 78.75
0.5873317749023438 78.75
0.5873317565917969 78.75
0.5873317687988281 78.75
0.5873317565917969 78.75
