0.73351748046875 77.16
0.7335174926757813 77.16
0.7335174926757813 77.16
0.7335174926757813 77.16
0.7335174926757813 77.16
0.7335174682617187 77.16
0.7335174865722657 77.16
0.7335174926757813 77.16
0.7335175048828125 77.16
0.73351748046875 77.16
0.7335174926757813 77.16
0.7335174682617187 77.16
0.7335174987792968 77.16
0.7335174926757813 77.16
0.7335174987792968 77.16
0.7335174926757813 77.16
0.7335174865722657 77.16
0.7335174926757813 77.16
0.73351748046875 77.16
0.7335174743652344 77.16
0.7335174926757813 77.16
0.7335174743652344 77.16
0.7335174865722657 77.16
0.7335174743652344 77.16
0.7335174865722657 77.16
0.7335174743652344 77.16
0.7335175170898437 77.16
0.73351748046875 77.16
0.7335174621582031 77.16
0.7335174621582031 77.16
