2.2367364692003446e+17 7.29
3.832329433481641e+18 7.29
7.967914152191827e+18 7.29
1.0290587450982975e+19 7.28
1.157384695686561e+19 7.28
1.2392469301062492e+19 7.28
1.2947371434539684e+19 7.28
1.3332675662169469e+19 7.27
1.3603179870187852e+19 7.27
1.3792757995782087e+19 7.27
1.392508512442329e+19 7.27
1.4017981549477005e+19 7.27
1.408317047854325e+19 7.27
1.4128887982030567e+19 7.27
1.4160850141176007e+19 7.27
1.4183288988549407e+19 7.27
1.4199232631950223e+19 7.27
1.4210023819607357e+19 7.27
1.4217860983678908e+19 7.27
1.4223749777961667e+19 7.27
1.4226992482283364e+19 7.27
1.4229143739235369e+19 7.27
1.4231024217259776e+19 7.27
1.4232004538308665e+19 7.27
1.42329842964076e+19 7.27
1.4233944238668173e+19 7.27
1.4233947954137866e+19 7.27
1.4233947728957884e+19 7.27
1.4233947954137866e+19 7.27
1.423394716600793e+19 7.27
