2.2925929443359374 9.12
2.2925929443359374 9.12
2.2925929931640625 9.12
2.2925929443359374 9.12
2.2925929931640625 9.12
2.29259296875 9.12
2.292592919921875 9.12
2.292593017578125 9.12
2.2925929443359374 9.12
2.29259296875 9.12
2.2925929931640625 9.12
2.292593017578125 9.12
2.29259296875 9.12
2.2925930419921876 9.12
2.2925929931640625 9.12
2.29259296875 9.12
2.2925929931640625 9.12
2.29259296875 9.12
2.29259296875 9.12
2.29259296875 9.12
2.292593017578125 9.12
2.292592919921875 9.12
2.2925928955078123 9.12
2.292592919921875 9.12
2.29259296875 9.12
2.2925929443359374 9.12
2.2925929443359374 9.12
2.2925930419921876 9.12
2.29259296875 9.12
2.292593017578125 9.12
