2.3076752685546875 7.93
2.3076752197265624 7.93
2.3076751953125 7.93
2.307675390625 7.93
2.3076752685546875 7.93
2.3076752197265624 7.93
2.3076751220703127 7.93
2.3076751953125 7.93
2.30767529296875 7.93
2.3076752197265624 7.93
2.3076751953125 7.93
2.3076752685546875 7.93
2.307675244140625 7.93
2.3076751708984373 7.93
2.3076753173828126 7.93
2.3076752685546875 7.93
2.307675244140625 7.93
2.3076752685546875 7.93
2.307675244140625 7.93
2.3076752197265624 7.93
2.307675244140625 7.93
2.30767529296875 7.93
2.3076752685546875 7.93
2.3076751953125 7.93
2.3076752197265624 7.93
2.3076751953125 7.93
2.3076752197265624 7.93
2.3076752197265624 7.93
2.3076751953125 7.93
2.307675244140625 7.93
