10.1682810546875 68.35
2.871606982421875 66.34
4.067019140625 53.71
5.62783203125 42.06
6.99321865234375 35.67
8.59912724609375 31.04
9.74735615234375 29.18
10.726976953125 27.74
11.4127529296875 27.12
12.0019373046875 26.63
12.4303232421875 26.06
12.71359248046875 25.95
12.91230390625 25.77
13.0604626953125 25.68
13.16415517578125 25.62
13.24016103515625 25.51
13.2937232421875 25.48
13.333122265625 25.48
13.358790625 25.48
13.37607412109375 25.48
13.38842392578125 25.48
13.3970515625 25.47
13.40247763671875 25.47
13.40592587890625 25.47
13.40782509765625 25.47
13.40934931640625 25.47
13.40957890625 25.47
13.409723828125 25.47
13.40978564453125 25.47
13.40978671875 25.47
