0.5965544799804687 79.69
0.6820645080566407 80.25
0.7800071838378906 78.26
0.7989169677734375 79.44
0.536998388671875 82.09
0.5141377075195313 82.21
0.5096401397705078 82.5
0.5128509765625 82.77
0.5217143524169922 82.81
0.5307544708251953 82.83
0.5391234619140625 82.79
0.5473241149902344 82.79
0.5532591369628906 82.8
0.5574906433105469 82.78
0.5604771057128907 82.77
0.5630597229003906 82.74
0.565012451171875 82.72
0.5662658996582032 82.72
0.567209765625 82.72
0.5678951721191406 82.7
0.5683592407226562 82.71
0.5686980224609375 82.71
0.5689154602050781 82.71
0.5690727722167969 82.72
0.5691868225097656 82.72
0.5692594787597657 82.72
0.56931826171875 82.71
0.5693624572753906 82.71
0.5693902893066406 82.71
0.5694054626464844 82.71
