6.66060263671875 10.57
6.66060244140625 10.57
6.660602490234375 10.57
6.66060234375 10.57
6.66060244140625 10.57
6.6606025390625 10.57
6.660602392578125 10.57
6.660602392578125 10.57
6.660602392578125 10.57
6.66060244140625 10.57
6.660602392578125 10.57
6.660602392578125 10.57
6.66060234375 10.57
6.660602490234375 10.57
6.66060244140625 10.57
6.66060244140625 10.57
6.66060244140625 10.57
6.66060234375 10.57
6.660602490234375 10.57
6.660602392578125 10.57
6.66060244140625 10.57
6.660602490234375 10.57
6.6606025390625 10.57
6.66060244140625 10.57
6.660602490234375 10.57
6.6606025390625 10.57
6.66060224609375 10.57
6.660602392578125 10.57
6.660602392578125 10.57
6.660602587890625 10.57
