0.849090966796875 82.83
0.45880277099609373 90.23
0.8720198120117187 88.47
1.496853515625 87.09
2.6128344482421877 81.28
4.047823608398438 79.63
6.557695947265625 75.92
8.674219775390625 74.14
10.60890986328125 73.05
12.15421103515625 72.28
13.17171806640625 71.84
13.8902826171875 71.59
14.426590234375 71.39
14.7511123046875 71.33
14.99080771484375 71.3
15.1711818359375 71.27
15.306498828125 71.23
15.39472890625 71.19
15.4558021484375 71.16
15.4959265625 71.13
15.5276162109375 71.12
15.547623046875 71.13
15.55947734375 71.13
15.56877060546875 71.13
15.5749189453125 71.13
15.57799541015625 71.13
15.57794375 71.13
15.5744158203125 71.14
15.5701650390625 71.14
15.56625771484375 71.15
