1.4723004028320312 52.17
1.4723003540039064 52.17
1.4723004272460938 52.17
1.4723003662109375 52.17
1.4723004150390624 52.17
1.4723004150390624 52.17
1.4723004272460938 52.17
1.4723003662109375 52.17
1.472300390625 52.17
1.472300390625 52.17
1.472300341796875 52.17
1.4723004028320312 52.17
1.4723004272460938 52.17
1.472300439453125 52.17
1.4723003784179687 52.17
1.472300390625 52.17
1.4723004272460938 52.17
1.472300390625 52.17
1.4723004028320312 52.17
1.4723004150390624 52.17
1.4723003662109375 52.17
1.4723004272460938 52.17
1.4723004150390624 52.17
1.4723004028320312 52.17
1.472300439453125 52.17
1.4723004028320312 52.17
1.4723003662109375 52.17
1.4723004028320312 52.17
1.4723004028320312 52.17
1.4723003784179687 52.17
