5181624077.5168 8.64
23303468299.0592 8.64
35583946863.4112 8.65
42439634268.9792 8.65
46672014580.1216 8.65
49553736728.576 8.65
51579422821.5808 8.65
52995362390.016 8.65
53983803395.2768 8.65
54682181435.392 8.65
55171453707.8784 8.65
55514184967.7824 8.65
55752904199.3728 8.65
55919370253.1072 8.65
56038236409.0368 8.65
56120123903.1808 8.65
56178129030.3488 8.65
56220843822.2848 8.65
56246934490.3168 8.65
56264960350.6176 8.65
56277443438.1824 8.65
56286155427.0208 8.65
56293208988.0576 8.65
56296842513.6128 8.65
56300440807.0144 8.65
56303978283.008 8.65
56304031970.0992 8.65
56304031550.6688 8.65
56304031970.0992 8.65
56304032389.5296 8.65
