1.0811002502441407 62.5
0.9383396057128907 65.91
0.9413580383300781 65.91
0.941358056640625 65.91
0.9413580322265624 65.91
0.9413580322265624 65.91
0.9413580444335937 65.91
0.9413580444335937 65.91
0.9413580383300781 65.91
0.941358056640625 65.91
0.9413580505371094 65.91
0.9413580505371094 65.91
0.9413580383300781 65.91
0.9413580078125 65.91
0.9413580444335937 65.91
0.941358056640625 65.91
0.9413580383300781 65.91
0.9413580505371094 65.91
0.9413580444335937 65.91
0.9413580322265624 65.91
0.9413580505371094 65.91
0.9413580444335937 65.91
0.9413580200195313 65.91
0.9413580139160156 65.91
0.9413580139160156 65.91
0.9413580688476563 65.91
0.9413580444335937 65.91
0.9413580444335937 65.91
0.9413580200195313 65.91
0.9413580505371094 65.91
