2.3989102668587887e+29 12.15
2.224822573536832e+30 12.65
3.9063484832254277e+30 12.55
5.115414375755503e+30 12.23
6.100191437062387e+30 12.15
6.80778911224663e+30 11.91
7.329086900729743e+30 11.82
7.717163957576166e+30 11.78
7.985874069765541e+30 11.77
8.168181537942973e+30 11.8
8.310895350873921e+30 11.81
8.399741069553394e+30 11.83
8.46675924376918e+30 11.8
8.518620389628967e+30 11.79
8.550420840946137e+30 11.79
8.573562768246534e+30 11.78
8.587782552198792e+30 11.77
8.594785021928012e+30 11.76
8.596445780387714e+30 11.77
8.598158779917076e+30 11.77
8.59613679055391e+30 11.77
8.598333638947625e+30 11.77
8.579640434869406e+30 11.76
8.559892072598702e+30 11.77
8.545314895357103e+30 11.75
8.544559318654126e+30 11.75
8.544549538927815e+30 11.75
8.544544649064659e+30 11.75
8.544543411124621e+30 11.75
8.544543411124621e+30 11.75
