2.3832304443359376 13.57
2.3832303466796874 13.57
2.383230419921875 13.57
2.383230419921875 13.57
2.38323046875 13.57
2.3832303466796874 13.57
2.383230322265625 13.57
2.3832303955078125 13.57
2.3832303955078125 13.57
2.3832303955078125 13.57
2.383230322265625 13.57
2.3832303955078125 13.57
2.383230419921875 13.57
2.3832303955078125 13.57
2.383230419921875 13.57
2.3832303955078125 13.57
2.383230419921875 13.57
2.3832302978515627 13.57
2.383230419921875 13.57
2.38323046875 13.57
2.383230419921875 13.57
2.3832303955078125 13.57
2.38323037109375 13.57
2.38323037109375 13.57
2.3832303955078125 13.57
2.3832302978515627 13.57
2.3832304443359376 13.57
2.3832304443359376 13.57
2.3832303955078125 13.57
2.3832303466796874 13.57
