1.252670850047949e+20 11.63
2.1815126182396782e+23 11.36
4.2336275249082926e+24 11.39
1.8277959612062066e+25 11.43
4.072522717306244e+25 11.48
6.43677762201985e+25 11.51
8.439357858713693e+25 11.51
9.937959494121985e+25 11.55
1.0982368738021687e+26 11.54
1.1690712187877914e+26 11.53
1.2163021371714056e+26 11.53
1.2474328270524493e+26 11.51
1.2678132101957006e+26 11.51
1.281172444965352e+26 11.52
1.2898191735533501e+26 11.52
1.2951247050731892e+26 11.52
1.2984214080043466e+26 11.52
1.3003655401722131e+26 11.52
1.3019794372519328e+26 11.52
1.3027821828856227e+26 11.52
1.303218246206651e+26 11.52
1.303465235418438e+26 11.52
1.303231194935547e+26 11.52
1.3030163178158435e+26 11.52
1.3028099031768773e+26 11.52
1.3027823340013503e+26 11.52
1.3027815311990482e+26 11.52
1.3027814934201163e+26 11.52
1.3027815217543152e+26 11.52
1.3027815217543152e+26 11.52
