2.262429833984375 12.62
2.2605514404296874 13.88
2.26020185546875 15.33
2.2599157470703126 14.07
2.25984765625 13.89
2.2597710205078125 13.57
2.259763720703125 13.69
2.2597473388671876 13.54
2.259738134765625 13.49
2.2597320556640623 13.47
2.2597273193359375 13.47
2.2597252685546874 13.49
2.2597228759765624 13.46
2.2597216796875 13.48
2.259720556640625 13.48
2.2597199951171874 13.48
2.2597197998046874 13.47
2.259719384765625 13.47
2.2597191650390624 13.47
2.2597190673828127 13.47
2.25971904296875 13.47
2.2597189453125 13.47
2.259718896484375 13.47
2.2597187255859374 13.47
2.2597188232421876 13.47
2.259718701171875 13.47
2.259718798828125 13.47
2.259718701171875 13.47
2.2597187255859374 13.47
2.259718701171875 13.47
