1.3076265380859375 65.31
1.3896237060546874 69.64
1.1586375854492188 74.62
1.0249776611328125 78.03
0.912602099609375 77.95
0.8182016479492188 77.8
0.754564990234375 77.68
0.7166370544433593 77.55
0.6979880920410156 77.4
0.6843601867675781 77.38
0.67675322265625 77.31
0.6723917236328125 77.18
0.6698406005859375 77.13
0.6681331787109375 77.14
0.6669417297363281 77.13
0.6661742736816406 77.11
0.6657144958496094 77.1
0.6653449645996093 77.07
0.6651203796386719 77.06
0.664962109375 77.04
0.6648535461425781 77.05
0.6647843200683594 77.05
0.6647299621582031 77.05
0.6646912963867188 77.05
0.6646656616210938 77.05
0.6646484313964843 77.05
0.6646337463378906 77.05
0.6646248657226562 77.05
0.664618212890625 77.05
0.664613525390625 77.05
