0.7007267456054688 79.05
0.7050700622558593 73.98
0.7570385681152344 72.11
0.9405004821777344 67.22
1.0253080200195313 64.51
1.0726267700195313 61.86
1.1401431762695313 60.67
1.1862682861328124 60.45
1.2098247924804688 60.4
1.2246000854492187 60.44
1.2334733154296875 60.42
1.2391642822265625 60.47
1.2431256225585938 60.45
1.2454339477539063 60.54
1.246675146484375 60.46
1.2477941284179688 60.44
1.2484783203125 60.39
1.2489500122070312 60.39
1.249203466796875 60.38
1.2494309936523438 60.35
1.2496437622070313 60.37
1.2497643920898438 60.35
1.24981884765625 60.35
1.2499128662109376 60.34
1.2499299194335938 60.34
1.2499456787109375 60.35
1.2499543090820313 60.36
1.249966650390625 60.34
1.2499720458984376 60.36
1.2499786499023438 60.35
