4.490923974609375 36.75
32.0262158203125 39.07
462.268334375 35.17
629.34145625 34.67
489.369853125 34.75
267.2127421875 34.94
67.18669375 36.56
5457.41355 15.99
15401.2471 16.01
26379.3204 15.97
36381.2548 15.98
44847.358 15.99
51484.922 15.97
56556.3524 15.98
60202.9228 15.97
62948.616 15.97
64899.6532 15.97
66285.42 15.97
67272.9308 15.97
67964.3172 15.97
68450.6448 15.97
68795.566 15.97
69034.8208 15.97
69205.282 15.97
69327.2424 15.97
69409.7436 15.97
69467.2196 15.97
69510.1592 15.97
69540.6536 15.97
69561.8248 15.97
