119.00529609375 43.14
121.09367734375 16.77
132.93090078125 16.52
147.627078125 16.36
158.34659375 16.36
166.1889171875 16.31
171.143996875 16.29
173.1755296875 16.22
176.0921890625 16.22
178.280459375 16.22
179.361353125 16.17
180.38718125 16.18
181.158525 16.18
181.645578125 16.19
181.9715140625 16.18
182.1823953125 16.18
182.3907703125 16.18
182.505559375 16.17
182.5766203125 16.17
182.6477875 16.17
182.6878484375 16.17
182.7174875 16.17
182.720284375 16.17
182.7037078125 16.17
182.5928578125 16.17
182.5325625 16.17
182.5167078125 16.17
182.5148125 16.17
182.5138203125 16.17
182.5136421875 16.17
