683.76765 65.25
2801.830725 65.25
5600.02015 65.24
8390.2674 65.24
10791.1742 65.24
12773.4414 65.24
14261.3753 65.24
15357.3655 65.24
16179.5208 65.24
16763.637 65.24
17187.9198 65.24
17486.9233 65.24
17696.0064 65.24
17846.672 65.24
17951.263 65.24
18024.5762 65.24
18075.8802 65.24
18112.361 65.24
18137.6582 65.24
18155.4074 65.24
18167.7291 65.24
18176.2448 65.24
18182.2637 65.24
18186.3198 65.24
18189.0507 65.24
18190.6285 65.24
18191.34 65.24
18191.6406 65.24
18191.6978 65.24
18191.6984 65.24
