3.9962742431640623 81.82
2.438303955078125 87.22
2.3514340576171877 87.48
2.35143408203125 87.48
2.3514341186523438 87.48
2.3514341796875 87.48
2.3514340576171877 87.48
2.351434167480469 87.48
2.3514340942382814 87.48
2.3514340576171877 87.48
2.3514341796875 87.48
2.3514341552734375 87.48
2.3514341186523438 87.48
2.3514341186523438 87.48
2.351434130859375 87.48
2.3514340576171877 87.48
2.3514341552734375 87.48
2.3514341186523438 87.48
2.3514340576171877 87.48
2.3514341064453124 87.48
2.3514341796875 87.48
2.3514341796875 87.48
2.351434130859375 87.48
2.35143408203125 87.48
2.3514341186523438 87.48
2.351434130859375 87.48
2.3514341552734375 87.48
2.351434143066406 87.48
2.351434143066406 87.48
2.351434143066406 87.48
