59.799590625 13.26
59.799590234375 13.26
59.79959140625 13.26
59.799589453125 13.26
59.799589453125 13.26
59.799590234375 13.26
59.799589453125 13.26
59.79958984375 13.26
59.7995890625 13.26
59.799589453125 13.26
59.7995890625 13.26
59.7995890625 13.26
59.799591796875 13.26
59.79958984375 13.26
59.799591015625 13.26
59.79958984375 13.26
59.799589453125 13.26
59.79958984375 13.26
59.799590625 13.26
59.79958984375 13.26
59.79958984375 13.26
59.79958984375 13.26
59.79959140625 13.26
59.799590625 13.26
59.799589453125 13.26
59.799590625 13.26
59.799589453125 13.26
59.79958984375 13.26
59.79958984375 13.26
59.799589453125 13.26
