6.7955201171875 86.74
3.8234213623046873 87.19
6.721736767578125 80.98
27.12867265625 80.86
55.09056171875 80.83
84.2384140625 80.83
111.08531328125 80.82
131.86469453125 80.81
147.7985234375 80.81
160.5722015625 80.81
169.6605515625 80.81
176.23361875 80.81
181.112040625 80.81
184.520834375 80.81
186.9060296875 80.79
188.6540546875 80.79
189.86870625 80.79
190.702846875 80.79
191.2877953125 80.8
191.7147484375 80.79
192.0099734375 80.79
192.2155328125 80.79
192.356534375 80.79
192.4567421875 80.79
192.5284828125 80.79
192.5782234375 80.79
192.612440625 80.79
192.6362171875 80.79
192.6525109375 80.79
192.662034375 80.79
