1.1537041870117188 72.18
1.0320089294433594 75.19
0.9588671508789063 75.83
0.9588671203613282 75.83
0.9588671447753906 75.83
0.9588671691894531 75.83
0.9588671325683594 75.83
0.9588671569824219 75.83
0.9588671569824219 75.83
0.958867138671875 75.83
0.9588671264648437 75.83
0.958867138671875 75.83
0.9588671508789063 75.83
0.9588671508789063 75.83
0.9588671203613282 75.83
0.9588671081542969 75.83
0.958867138671875 75.83
0.9588671447753906 75.83
0.9588671630859374 75.83
0.9588671508789063 75.83
0.9588671447753906 75.83
0.958867138671875 75.83
0.9588671447753906 75.83
0.9588671203613282 75.83
0.958867138671875 75.83
0.9588671142578125 75.83
0.9588671508789063 75.83
0.9588671264648437 75.83
0.958867138671875 75.83
0.958867138671875 75.83
