0.708871484375 78.79
0.7088714965820313 78.79
0.7088714965820313 78.79
0.7088714904785156 78.79
0.7088715087890625 78.79
0.7088714904785156 78.79
0.708871484375 78.79
0.7088715087890625 78.79
0.7088714782714843 78.79
0.7088714904785156 78.79
0.7088714904785156 78.79
0.7088714904785156 78.79
0.708871484375 78.79
0.7088714721679688 78.79
0.7088715148925782 78.79
0.7088715148925782 78.79
0.7088714904785156 78.79
0.7088714721679688 78.79
0.708871484375 78.79
0.7088714904785156 78.79
0.7088714721679688 78.79
0.7088715026855469 78.79
0.7088714660644532 78.79
0.7088714721679688 78.79
0.7088714782714843 78.79
0.7088714721679688 78.79
0.7088714965820313 78.79
0.7088714904785156 78.79
0.708871484375 78.79
0.7088715087890625 78.79
