58.0034859375 11.48
83.89794921875 32.37
170.097571875 27.36
193.1287703125 27.45
193.12876875 27.45
193.12876875 27.45
193.1287671875 27.45
193.128765625 27.45
193.1287671875 27.45
193.12876875 27.45
193.128765625 27.45
193.128771875 27.45
193.1287703125 27.45
193.128771875 27.45
193.1287671875 27.45
193.12876875 27.45
193.12876875 27.45
193.12876875 27.45
193.1287640625 27.45
193.128771875 27.45
193.1287671875 27.45
193.1287640625 27.45
193.12876875 27.45
193.1287671875 27.45
193.1287671875 27.45
193.1287734375 27.45
193.1287671875 27.45
193.1287703125 27.45
193.1287640625 27.45
193.1287671875 27.45
