1.1641456176757812 63.95
3.742423193359375 67.15
6.3809904296875 60.64
9.29515205078125 60.06
8.00142333984375 60.61
8.109819873046876 60.79
10.69902353515625 60.05
12.50398076171875 59.57
13.8062990234375 59.24
14.604753125 59.06
15.19378994140625 58.81
15.53437705078125 58.66
15.76398193359375 58.46
15.92859677734375 58.4
16.037213671875 58.34
16.09901630859375 58.3
16.14607021484375 58.26
16.17699453125 58.2
16.1969060546875 58.16
16.2107919921875 58.16
16.2218189453125 58.14
16.22997734375 58.16
16.2344572265625 58.17
16.23800537109375 58.16
16.240628125 58.16
16.24225712890625 58.16
16.2434171875 58.16
16.24406376953125 58.16
16.24378837890625 58.16
16.24337197265625 58.16
