0.9639987365722656 72.41
2.7946060302734375 60.7
0.8616153686523438 73.44
0.5961449401855469 78.76
1.260732421875 56.8
1.5365979858398437 42.99
1.5168072631835938 42.28
1.4907936767578125 43.25
1.4828953369140625 43.5
1.4795909912109375 43.59
1.4774032104492187 43.68
1.4757888549804687 43.76
1.4746779418945313 43.79
1.4739611694335937 43.82
1.4734719970703125 43.81
1.473134814453125 43.83
1.472947265625 43.84
1.4727814819335938 43.85
1.4727215576171875 43.87
1.4726801513671874 43.88
1.4726572143554688 43.88
1.4726275390625 43.88
1.4726118041992187 43.88
1.4726014892578125 43.89
1.4725974609375 43.88
1.4725921264648438 43.88
1.47258759765625 43.89
1.4725841918945313 43.89
1.4725833984375 43.89
1.4725852172851563 43.88
