154488559733886.16 10.22
3690481888962124.0 10.22
1.4437396693354598e+16 10.2
2.9108976169285948e+16 10.2
4.2845427382961256e+16 10.21
5.354677614401206e+16 10.21
6.123874398765391e+16 10.2
6.643255236365847e+16 10.19
6.979994658160153e+16 10.2
7.199227688997293e+16 10.2
7.341789047240776e+16 10.2
7.434026989733974e+16 10.2
7.494110198457979e+16 10.2
7.532368893019003e+16 10.2
7.556153176707333e+16 10.2
7.571943263193824e+16 10.2
7.582929187554376e+16 10.2
7.58778243187938e+16 10.2
7.584807593219269e+16 10.2
7.580193162819818e+16 10.2
7.580063376467275e+16 10.2
7.581228462968531e+16 10.2
7.574944973918117e+16 10.2
7.569230284222984e+16 10.2
7.566011573883834e+16 10.2
7.562792599661891e+16 10.2
7.55994649182316e+16 10.2
7.559946623764555e+16 10.2
7.55994649182316e+16 10.2
7.559946931627811e+16 10.2
