1.2743176928251766e+16 6.78
2.1844563977416422e+17 6.77
5.035157556248571e+17 6.76
6.957775093867357e+17 6.75
8.072449215688806e+17 6.75
8.755989171213708e+17 6.75
9.205503583120718e+17 6.75
9.513512924410911e+17 6.75
9.727085159214865e+17 6.75
9.876563219653245e+17 6.75
9.980809799446595e+17 6.75
1.0054084561652563e+18 6.75
1.0105372539371476e+18 6.75
1.0141454112948575e+18 6.75
1.0166742739649934e+18 6.75
1.0184452089653405e+18 6.75
1.019684296997193e+18 6.75
1.0205449982178532e+18 6.75
1.0211522241851112e+18 6.75
1.0215739511058423e+18 6.75
1.0218841224564285e+18 6.75
1.022082266766284e+18 6.75
1.0222126178279987e+18 6.75
1.0222862798294039e+18 6.75
1.0223598081301952e+18 6.75
1.0224256380903734e+18 6.75
1.0224255888322524e+18 6.75
1.0224256240166245e+18 6.75
1.0224256240166245e+18 6.75
1.0224256380903734e+18 6.75
