69460962.0992 14.15
293059008.9216 14.06
476542608.9984 14.09
594984304.64 14.03
670724987.2896 13.94
722467743.3344 13.91
758295481.5488 13.94
781999026.9952 13.94
797834713.4976 13.93
808551632.0768 13.92
816230701.4656 13.91
821748491.8784 13.91
825545916.416 13.91
828196827.9552 13.91
830063588.1472 13.92
831125559.7056 13.92
831593853.7472 13.93
831801897.7792 13.94
832057645.4656 13.94
832348966.0928 13.94
832559539.8144 13.94
832697152.3072 13.94
832767616.6144 13.94
832564055.2448 13.94
832297802.1376 13.92
832045285.376 13.93
832011776.8192 13.93
832011698.176 13.93
832011652.3008 13.93
832011685.0688 13.93
