2.30088486328125 13.1
2.3008847412109374 13.1
2.3008847412109374 13.1
2.3008847412109374 13.1
2.300884765625 13.1
2.3008847412109374 13.1
2.30088486328125 13.1
2.300884765625 13.1
2.300884716796875 13.1
2.3008847900390625 13.1
2.3008847900390625 13.1
2.300884765625 13.1
2.300884814453125 13.1
2.3008846923828123 13.1
2.300884716796875 13.1
2.300884716796875 13.1
2.300884716796875 13.1
2.300884716796875 13.1
2.30088466796875 13.1
2.3008847900390625 13.1
2.300884716796875 13.1
2.3008847412109374 13.1
2.3008846435546877 13.1
2.3008847900390625 13.1
2.30088466796875 13.1
2.300884619140625 13.1
2.3008846435546877 13.1
2.300884716796875 13.1
2.3008847900390625 13.1
2.3008847412109374 13.1
