2.324393994140625 4.81
2.324393896484375 4.81
2.3243939697265623 4.81
2.324393798828125 4.81
2.3243939453125 4.81
2.32439384765625 4.81
2.324393896484375 4.81
2.324393994140625 4.81
2.324393896484375 4.81
2.3243938232421875 4.81
2.324393896484375 4.81
2.3243939697265623 4.81
2.3243939208984377 4.81
2.32439384765625 4.81
2.3243939453125 4.81
2.3243939208984377 4.81
2.3243938720703126 4.81
2.324393896484375 4.81
2.3243938720703126 4.81
2.3243939453125 4.81
2.3243939453125 4.81
2.32439384765625 4.81
2.3243939208984377 4.81
2.3243939208984377 4.81
2.3243938720703126 4.81
2.324393896484375 4.81
2.3243939453125 4.81
2.3243939453125 4.81
2.3243939208984377 4.81
2.3243938720703126 4.81
