0.9013992004394531 73.93
0.8806612243652344 75.84
0.8778771850585938 76.03
0.8821579406738281 76.14
0.8826797729492187 76.15
0.8819005859375 76.17
0.8812494445800781 76.14
0.880502001953125 76.13
0.880130517578125 76.1
0.8798156433105468 76.1
0.8795916625976562 76.12
0.8794838256835937 76.12
0.8793656860351563 76.12
0.8793182861328125 76.12
0.8792586608886719 76.12
0.8792231689453125 76.12
0.87920234375 76.12
0.8791845825195312 76.12
0.8791696228027344 76.12
0.879161474609375 76.12
0.8791528869628906 76.12
0.8791495483398437 76.12
0.8791463012695313 76.12
0.8791440490722656 76.12
0.879142236328125 76.12
0.8791411437988281 76.12
0.8791406555175781 76.12
0.8791398071289063 76.12
0.8791394287109375 76.12
0.8791388244628906 76.12
