1992089301889.8433 10.32
92606488826504.81 9.95
501577124760308.94 9.94
1203975018068207.2 9.94
1980912872816063.2 9.97
2653183845157201.5 9.99
3162069904743674.5 10.04
3517695175973404.5 10.05
3754952825280607.0 10.08
3910825805874829.5 10.09
4011065092395447.0 10.07
4075452630756963.0 10.08
4116857352440984.5 10.07
4143542664573852.0 10.07
4160908873490969.5 10.07
4171936947629772.0 10.08
4177691186758156.5 10.08
4181924581403001.0 10.08
4184744278972432.5 10.08
4186956606318680.5 10.08
4187865297703456.0 10.08
4188475306754546.0 10.08
4188900955193449.0 10.08
4188110818649938.5 10.08
4187294898558756.5 10.08
4186562348936750.5 10.08
4186564245594308.5 10.08
4186564108155355.0 10.08
4186564245594308.5 10.08
4186564300569890.0 10.08
