12.20763359375 17.63
8.012309228515624 11.65
8.9633732421875 16.25
8.7938462890625 16.14
9.27178115234375 15.35
10.87967275390625 12.69
12.8996341796875 12.44
14.3064208984375 16.26
32.031862109375 22.57
33.637996875 22.76
35.552817578125 23.08
36.700784375 23.09
37.450156640625 23.02
37.979039453125 23.02
38.28581953125 22.96
38.645175390625 23.01
38.875901953125 23.04
39.04671328125 23.05
39.154159765625 23.08
39.17521640625 23.04
39.22793125 23.04
39.269955859375 23.04
39.30367265625 23.04
39.314480078125 23.04
39.3144578125 23.05
39.3077515625 23.05
39.29233359375 23.06
39.266861328125 23.05
39.22576640625 23.01
39.1911359375 23.01
