3.4792178955078126 6.4
3.4792179443359377 6.4
3.47921787109375 6.4
3.4792178466796875 6.4
3.4792177978515624 6.4
3.4792178955078126 6.4
3.479217822265625 6.4
3.4792178955078126 6.4
3.479217919921875 6.4
3.47921787109375 6.4
3.47921787109375 6.4
3.4792177734375 6.4
3.47921787109375 6.4
3.4792179931640623 6.4
3.479217822265625 6.4
3.479217822265625 6.4
3.4792178955078126 6.4
3.4792178466796875 6.4
3.479217919921875 6.4
3.4792177734375 6.4
3.47921787109375 6.4
3.4792179443359377 6.4
3.479217919921875 6.4
3.47921787109375 6.4
3.4792178466796875 6.4
3.4792177734375 6.4
3.4792178466796875 6.4
3.4792177978515624 6.4
3.47921796875 6.4
3.479217919921875 6.4
