2.3133443115234376 11.27
2.3133443359375 11.27
2.3133443115234376 11.27
2.313344287109375 11.27
2.3133444091796873 11.27
2.313344384765625 11.27
2.3133443359375 11.27
2.3133443115234376 11.27
2.313344287109375 11.27
2.313344287109375 11.27
2.3133442626953125 11.27
2.3133443603515627 11.27
2.3133443359375 11.27
2.3133442626953125 11.27
2.3133443115234376 11.27
2.3133444091796873 11.27
2.3133442626953125 11.27
2.313344287109375 11.27
2.3133443115234376 11.27
2.3133443359375 11.27
2.3133443115234376 11.27
2.3133443115234376 11.27
2.3133443115234376 11.27
2.3133443603515627 11.27
2.3133443359375 11.27
2.3133443359375 11.27
2.3133443359375 11.27
2.3133442626953125 11.27
2.313344384765625 11.27
2.313344384765625 11.27
