2116663070058.0864 17.75
434577988584787.1 22.03
1635699316994395.2 22.05
2908959331860454.0 22.03
3937355234746669.5 22.06
4716778164443939.0 22.07
5300216197634903.0 22.06
5734783270130811.0 22.06
6053634825213759.0 22.07
6285363992617550.0 22.07
6450740656942036.0 22.07
6568964600182604.0 22.07
6651566455755322.0 22.07
6710141343433228.0 22.07
6750396003442387.0 22.07
6779636030842392.0 22.07
6799804702484175.0 22.07
6813933042072027.0 22.07
6823885051668516.0 22.07
6830866785578149.0 22.07
6835713322882223.0 22.07
6838924501566725.0 22.07
6840986415722293.0 22.07
6842437331266306.0 22.07
6842994123954612.0 22.07
6843017103747632.0 22.07
6843018368186004.0 22.07
6843018478137167.0 22.07
6843018533112748.0 22.07
6843018368186004.0 22.07
