2.312402978515625 9.82
2.3124030029296874 9.82
2.312403076171875 9.82
2.31240302734375 9.82
2.312402880859375 9.82
2.312402978515625 9.82
2.3124029052734376 9.82
2.312402978515625 9.82
2.3124029296875 9.82
2.312402978515625 9.82
2.3124029296875 9.82
2.3124029052734376 9.82
2.3124029296875 9.82
2.312402880859375 9.82
2.3124029052734376 9.82
2.3124029296875 9.82
2.312402978515625 9.82
2.312402880859375 9.82
2.312402978515625 9.82
2.3124030029296874 9.82
2.312402978515625 9.82
2.3124029052734376 9.82
2.3124028564453125 9.82
2.3124029541015627 9.82
2.312402978515625 9.82
2.3124029052734376 9.82
2.3124028564453125 9.82
2.3124030029296874 9.82
2.3124029052734376 9.82
2.3124030029296874 9.82
