0.5256149353027344 81.84
0.5909653015136719 76.76
0.49897568359375 82.44
0.4934617065429687 82.6
0.5326744873046875 81.04
0.4992003387451172 82.09
0.4813529754638672 82.77
0.48752015686035155 82.65
0.4816961486816406 82.91
0.4834066192626953 82.79
0.4839048126220703 82.77
0.4835524108886719 82.79
0.48356003112792967 82.87
0.48328716430664065 82.87
0.4833117706298828 82.91
0.4833465881347656 82.92
0.48326557006835935 82.93
0.4832514587402344 82.92
0.4832777587890625 82.93
0.4832403869628906 82.93
0.4832246673583984 82.93
0.4832032073974609 82.93
0.48320215759277346 82.93
0.48318818359375 82.93
0.48320430297851563 82.93
0.4832499572753906 82.93
0.48327408142089845 82.93
0.483305224609375 82.92
0.4833201873779297 82.91
0.48332723999023436 82.91
