23.1279720703125 19.91
23.1279720703125 19.91
23.1279720703125 19.91
23.1279720703125 19.91
23.1279716796875 19.91
23.1279724609375 19.91
23.127971875 19.91
23.12797265625 19.91
23.1279716796875 19.91
23.127972265625 19.91
23.12797265625 19.91
23.127972265625 19.91
23.127971875 19.91
23.1279716796875 19.91
23.1279724609375 19.91
23.1279724609375 19.91
23.127971484375 19.91
23.12797265625 19.91
23.127971484375 19.91
23.1279716796875 19.91
23.12797265625 19.91
23.127971875 19.91
23.1279720703125 19.91
23.1279720703125 19.91
23.12797265625 19.91
23.127971875 19.91
23.127971875 19.91
23.127971484375 19.91
23.1279712890625 19.91
23.1279720703125 19.91
