157597130817.536 22.54
1315104732112.4863 23.44
1904221062430.72 24.23
2157509859921.1008 24.92
2269662542403.9937 25.58
2324062786079.9487 26.26
2368212016562.176 26.35
2442630619620.9663 26.49
2500565822708.1216 26.55
2555157407177.114 26.63
2601572689248.256 26.61
2637259706728.448 26.6
2665481185211.187 26.62
2684520936295.629 26.59
2698755021629.0303 26.5
2708102320016.589 26.48
2715316227617.5874 26.47
2720202960876.3394 26.47
2723577624054.989 26.46
2725986912803.2256 26.47
2727677921958.2974 26.46
2728883599808.9214 26.44
2729701254207.8975 26.44
2730242473774.2847 26.44
2730653287396.147 26.45
2730936406271.5903 26.44
2731145061151.539 26.44
2731247764557.005 26.44
2731253938572.4927 26.44
2731243738025.165 26.44
