2.3141142822265626 10.0
2.314114306640625 10.0
2.3141142822265626 10.0
2.3141143798828123 10.0
2.3141143798828123 10.0
2.3141143310546877 10.0
2.314114306640625 10.0
2.3141143798828123 10.0
2.3141143798828123 10.0
2.3141143798828123 10.0
2.3141142578125 10.0
2.3141142578125 10.0
2.314114306640625 10.0
2.3141142822265626 10.0
2.3141142578125 10.0
2.3141143310546877 10.0
2.3141142822265626 10.0
2.314114306640625 10.0
2.3141143798828123 10.0
2.314114306640625 10.0
2.3141142578125 10.0
2.314114306640625 10.0
2.3141143310546877 10.0
2.314114306640625 10.0
2.3141142822265626 10.0
2.3141142578125 10.0
2.3141142333984375 10.0
2.31411435546875 10.0
2.3141143798828123 10.0
2.3141143310546877 10.0
