4.796547021484375 59.54
3.16165205078125 10.03
3.7188264892578125 20.25
2.3749330322265627 44.47
2.6124869140625 41.85
3.1864154541015624 40.18
3.87105068359375 38.83
4.359685205078125 35.35
4.93264658203125 34.0
5.412478955078125 33.85
5.775089013671875 33.63
6.0486181640625 33.45
6.249010205078125 33.41
6.39193349609375 33.31
6.4921794921875 33.28
6.56220087890625 33.29
6.6106697265625 33.28
6.64519267578125 33.26
6.669775048828125 33.25
6.68699248046875 33.27
6.69921875 33.29
6.707804052734375 33.28
6.713716015625 33.28
6.7178505859375 33.27
6.720684326171875 33.26
6.722424658203125 33.27
6.7234880859375 33.27
6.724119189453125 33.27
6.72445361328125 33.27
6.7245134765625 33.27
