193128.6768 49.97
727366.5984 49.96
1178222.528 49.96
1535419.4816 49.96
1809520.768 49.96
2017437.2736 49.96
2171616.2176 49.96
2282609.536 49.96
2361753.9584 49.96
2417825.0496 49.96
2457454.1568 49.96
2485329.3824 49.96
2505086.7968 49.96
2518784.8704 49.96
2528492.2624 49.96
2535266.944 49.96
2540048.7168 49.96
2543470.8736 49.96
2545810.944 49.96
2547389.7472 49.96
2548474.4448 49.96
2549248.128 49.96
2549760.1536 49.96
2550173.2352 49.96
2550493.9264 49.96
2550634.0608 49.96
2550665.9328 49.96
2550666.3168 49.96
2550666.3424 49.96
2550666.3424 49.96
