11547787730196.889 14.84
74641783518134.27 14.84
127929352994789.78 14.85
163829598206610.62 14.85
188793648938011.84 14.85
206360221515461.44 14.85
218898596852085.56 14.85
227826839146043.8 14.85
234180253700010.8 14.85
238662859527238.44 14.85
241811682158549.4 14.85
244027273679942.44 14.85
245586822690766.84 14.85
246682113224684.34 14.85
247450122096685.88 14.85
247988858742479.25 14.85
248364883129244.06 14.85
248630396289495.84 14.85
248817148339473.62 14.85
248948667110024.8 14.85
249035102467863.34 14.85
249099606004701.6 14.85
249148300625916.72 14.85
249172699476131.84 14.85
249192892694370.72 14.85
249199878029180.94 14.85
249199876311194.0 14.85
249199872875220.2 14.85
249199872875220.2 14.85
249199876311194.0 14.85
