2.3071079833984376 7.42
2.3071080322265627 7.42
2.307108056640625 7.42
2.307107958984375 7.42
2.3071080078125 7.42
2.3071080078125 7.42
2.3071079345703125 7.42
2.3071080078125 7.42
2.307107958984375 7.42
2.30710791015625 7.42
2.307107958984375 7.42
2.307107958984375 7.42
2.3071079833984376 7.42
2.3071080078125 7.42
2.3071080078125 7.42
2.307107958984375 7.42
2.3071079345703125 7.42
2.3071079345703125 7.42
2.307107958984375 7.42
2.3071080078125 7.42
2.3071079833984376 7.42
2.3071079833984376 7.42
2.3071080078125 7.42
2.307107958984375 7.42
2.3071079833984376 7.42
2.3071080322265627 7.42
2.307108056640625 7.42
2.30710791015625 7.42
2.3071080078125 7.42
2.3071080322265627 7.42
