2.7802884033203124 61.05
6.443679052734375 61.73
1.2524065551757813 78.5
1.3430016845703125 80.3
1.5726441528320312 80.24
1.7109058837890625 80.04
1.7896453979492188 79.71
1.8265412841796875 79.44
1.838347998046875 79.24
1.8386394775390624 78.91
1.8376453002929687 78.81
1.8348068359375 78.63
1.8314791381835938 78.53
1.8286859130859374 78.46
1.8260737915039063 78.35
1.824186474609375 78.26
1.8230078735351563 78.25
1.8219541259765626 78.27
1.8214153076171875 78.25
1.8210669067382812 78.24
1.8207933715820313 78.22
1.8206213256835937 78.22
1.8204942016601562 78.21
1.82040263671875 78.22
1.8203184692382812 78.22
1.82026962890625 78.23
1.82023916015625 78.23
1.82021064453125 78.23
1.8201896606445314 78.23
1.8201787231445312 78.23
