1.7400213500976562 43.3
2.0061585571289062 39.15
2.9515015625 31.78
2.804677197265625 28.9
2.692431884765625 26.72
2.5789449951171877 25.54
2.563996240234375 24.66
2.537905810546875 23.96
2.5462866943359375 23.41
2.543123388671875 22.93
2.544194677734375 22.51
2.54973759765625 22.33
2.5467839599609374 22.17
2.5531802490234377 22.02
2.553497119140625 21.94
2.5538822265625 21.85
2.5541965087890626 21.79
2.5542660400390624 21.75
2.55497333984375 21.73
2.5550808349609375 21.71
2.55513623046875 21.7
2.5550857421875 21.7
2.555018603515625 21.7
2.555106689453125 21.7
2.5551313720703126 21.69
2.55516474609375 21.69
2.555202099609375 21.69
2.5551705078125 21.69
2.5551574462890625 21.69
2.5551386474609377 21.69
