2.3139487060546875 7.11
2.3139486572265624 7.11
2.3139486328125 7.11
2.3139487060546875 7.11
2.313948681640625 7.11
2.31394873046875 7.11
2.313948681640625 7.11
2.3139486572265624 7.11
2.313948681640625 7.11
2.313948681640625 7.11
2.3139487060546875 7.11
2.3139488037109377 7.11
2.313948681640625 7.11
2.3139487548828126 7.11
2.3139486572265624 7.11
2.3139486572265624 7.11
2.31394873046875 7.11
2.313948681640625 7.11
2.31394873046875 7.11
2.313948681640625 7.11
2.3139486572265624 7.11
2.31394873046875 7.11
2.3139487548828126 7.11
2.31394873046875 7.11
2.313948681640625 7.11
2.313948681640625 7.11
2.3139486572265624 7.11
2.313948681640625 7.11
2.31394873046875 7.11
2.3139486572265624 7.11
