2.3691489013671876 9.78
2.369148876953125 9.78
2.369148876953125 9.78
2.3691489013671876 9.78
2.3691489013671876 9.78
2.369148876953125 9.78
2.3691489013671876 9.78
2.3691488525390625 9.78
2.3691489013671876 9.78
2.369148876953125 9.78
2.369148876953125 9.78
2.369148876953125 9.78
2.369148876953125 9.78
2.3691489501953127 9.78
2.369148828125 9.78
2.3691489501953127 9.78
2.369148779296875 9.78
2.3691488037109374 9.78
2.3691488525390625 9.78
2.369148876953125 9.78
2.369148828125 9.78
2.369148876953125 9.78
2.3691489013671876 9.78
2.369148876953125 9.78
2.3691489013671876 9.78
2.3691488525390625 9.78
2.369148876953125 9.78
2.3691488037109374 9.78
2.369148779296875 9.78
2.3691488037109374 9.78
