70.9412140625 12.32
70.9412140625 12.32
70.94121484375 12.32
70.941215625 12.32
70.94121328125 12.32
70.94121640625 12.32
70.94121484375 12.32
70.9412171875 12.32
70.94121328125 12.32
70.941215625 12.32
70.94121484375 12.32
70.94121484375 12.32
70.9412140625 12.32
70.94121640625 12.32
70.941215625 12.32
70.941215625 12.32
70.9412140625 12.32
70.94121640625 12.32
70.941215625 12.32
70.94121640625 12.32
70.94121640625 12.32
70.941215625 12.32
70.941215625 12.32
70.941215625 12.32
70.941215234375 12.32
70.9412140625 12.32
70.9412140625 12.32
70.94121640625 12.32
70.94121796875 12.32
70.94121484375 12.32
