0.6353664306640625 80.59
0.6353664123535157 80.59
0.6353664428710938 80.59
0.6353664306640625 80.59
0.6353664367675781 80.59
0.6353664184570312 80.59
0.6353664428710938 80.59
0.6353664428710938 80.59
0.635366455078125 80.59
0.635366455078125 80.59
0.6353664184570312 80.59
0.6353664367675781 80.59
0.6353664367675781 80.59
0.6353664306640625 80.59
0.6353664367675781 80.59
0.6353664306640625 80.59
0.635366455078125 80.59
0.6353664367675781 80.59
0.6353664306640625 80.59
0.6353664245605469 80.59
0.6353664184570312 80.59
0.6353664489746094 80.59
0.6353664367675781 80.59
0.6353664489746094 80.59
0.6353664428710938 80.59
0.6353664367675781 80.59
0.6353664306640625 80.59
0.6353664428710938 80.59
0.6353664611816406 80.59
0.6353664428710938 80.59
