290.315328125 71.87
1762.3919625 71.95
3662.811625 71.99
5477.2901 72.0
7039.50965 71.99
8323.5434 71.99
9301.2761 72.0
10021.56415 72.0
10544.6453 72.01
10922.4314 72.01
11185.6798 72.01
11378.3621 72.03
11512.5332 72.03
11608.0408 72.03
11674.9333 72.03
11721.0078 72.03
11753.968 72.03
11776.8167 72.03
11792.701 72.03
11803.7342 72.03
11811.7095 72.03
11817.2979 72.03
11821.1517 72.03
11823.9248 72.03
11825.8817 72.03
11827.2136 72.03
11827.7886 72.03
11827.8589 72.03
11827.8605 72.03
11827.8605 72.03
