1.6552384765625 59.55
1.1832267578125 70.44
1.0731267333984376 69.52
0.8815166259765626 74.15
0.8520350769042969 73.22
0.8994202453613281 73.37
0.9178706665039063 73.23
0.9149818603515625 72.98
0.910613330078125 72.99
0.9080176513671875 72.96
0.9064497924804688 73.0
0.9050935974121094 72.99
0.9040027648925781 73.0
0.9033260070800782 72.98
0.9028892272949218 72.96
0.9026359497070312 72.96
0.9023885681152344 72.95
0.902243994140625 72.96
0.9021401916503906 72.96
0.9020738891601563 72.96
0.9020213623046875 72.96
0.9019851318359375 72.96
0.9019658630371093 72.96
0.9019420654296875 72.96
0.9019273498535156 72.96
0.9019134460449219 72.96
0.90190546875 72.96
0.90189892578125 72.96
0.9018944946289063 72.96
0.9018911865234375 72.96
