2.3148546630859377 11.1
2.3148546142578126 11.1
2.3148546875 11.1
2.3148546630859377 11.1
2.3148547607421874 11.1
2.3148546875 11.1
2.3148547119140623 11.1
2.3148547119140623 11.1
2.314854736328125 11.1
2.3148546875 11.1
2.3148547607421874 11.1
2.3148546875 11.1
2.314854736328125 11.1
2.3148546875 11.1
2.3148546630859377 11.1
2.3148546630859377 11.1
2.3148546875 11.1
2.3148546875 11.1
2.3148546630859377 11.1
2.3148546630859377 11.1
2.3148547119140623 11.1
2.314854638671875 11.1
2.314854736328125 11.1
2.3148547119140623 11.1
2.3148547119140623 11.1
2.3148546630859377 11.1
2.3148547119140623 11.1
2.3148547607421874 11.1
2.314854736328125 11.1
2.3148546875 11.1
