16.84754775390625 26.55
33.031604296875 26.38
45.505180078125 26.27
54.963623046875 26.3
62.134649609375 26.31
67.38141640625 26.3
71.504674609375 26.32
74.21320078125 26.3
76.12071484375 26.3
77.527553125 26.3
78.5192078125 26.29
79.2300953125 26.28
79.7271078125 26.27
80.04834609375 26.27
80.28695546875 26.27
80.44703671875 26.27
80.5587171875 26.27
80.63959453125 26.27
80.69579140625 26.27
80.73393828125 26.27
80.7625046875 26.27
80.7821734375 26.27
80.796446875 26.27
80.8070296875 26.27
80.8155984375 26.26
80.82024765625 26.27
80.82095234375 26.27
80.820928125 26.27
80.82091953125 26.27
80.82091796875 26.27
