2.3520346435546875 13.02
2.3520345458984373 13.02
2.35203466796875 13.02
2.352034619140625 13.02
2.352034619140625 13.02
2.352034619140625 13.02
2.35203466796875 13.02
2.352034619140625 13.02
2.352034619140625 13.02
2.3520345458984373 13.02
2.3520346923828126 13.02
2.3520346435546875 13.02
2.352034619140625 13.02
2.352034521484375 13.02
2.3520345947265624 13.02
2.3520345703125 13.02
2.352034619140625 13.02
2.3520346435546875 13.02
2.3520345947265624 13.02
2.35203466796875 13.02
2.3520346435546875 13.02
2.352034619140625 13.02
2.3520345947265624 13.02
2.352034619140625 13.02
2.3520345458984373 13.02
2.352034619140625 13.02
2.35203466796875 13.02
2.3520345947265624 13.02
2.3520345458984373 13.02
2.3520345458984373 13.02
