33.3197599609375 6.64
33.319758984375 6.64
33.31975859375 6.64
33.3197591796875 6.64
33.3197595703125 6.64
33.319759765625 6.64
33.3197591796875 6.64
33.3197578125 6.64
33.319759765625 6.64
33.319758984375 6.64
33.31975859375 6.64
33.31975859375 6.64
33.3197591796875 6.64
33.3197587890625 6.64
33.319759375 6.64
33.319758984375 6.64
33.3197587890625 6.64
33.3197591796875 6.64
33.319759375 6.64
33.319759375 6.64
33.319758984375 6.64
33.3197587890625 6.64
33.3197603515625 6.64
33.319758984375 6.64
33.3197591796875 6.64
33.319758203125 6.64
33.3197583984375 6.64
33.31975859375 6.64
33.3197603515625 6.64
33.3197599609375 6.64
