58.511376171875 10.44
36.62496484375 9.15
46.87743984375 9.01
56.745945703125 9.02
63.912552734375 9.1
69.93120546875 9.11
74.0386890625 9.17
76.19489765625 11.15
78.02594140625 11.13
79.222484375 16.76
80.04973671875 16.77
80.52058671875 16.76
80.90521640625 16.77
81.10291015625 11.14
81.252546875 11.12
81.36753671875 11.14
81.437025 11.14
81.476234375 11.15
81.50938828125 11.15
81.532290625 11.15
81.5492015625 11.15
81.55786640625 11.15
81.5608515625 11.15
81.5576578125 11.14
81.55377578125 11.15
81.55075078125 11.15
81.54797734375 11.15
81.54789375 11.15
81.54810859375 11.15
81.54791015625 11.15
