2.2907748779296875 7.92
2.2907747802734373 7.92
2.290774755859375 7.92
2.2907747802734373 7.92
2.2907748291015624 7.92
2.290774853515625 7.92
2.2907748291015624 7.92
2.290774853515625 7.92
2.2907748291015624 7.92
2.2907747802734373 7.92
2.2907747802734373 7.92
2.2907748046875 7.92
2.290774755859375 7.92
2.2907748046875 7.92
2.2907747802734373 7.92
2.2907747802734373 7.92
2.29077470703125 7.92
2.2907748046875 7.92
2.2907747802734373 7.92
2.2907747314453126 7.92
2.2907748291015624 7.92
2.2907748046875 7.92
2.290774755859375 7.92
2.2907748046875 7.92
2.2907748046875 7.92
2.2907748046875 7.92
2.290774853515625 7.92
2.2907748291015624 7.92
2.2907748046875 7.92
2.2907747802734373 7.92
