44.231981640625 45.37
124.47841875 44.75
219.2143046875 44.97
301.070334375 44.07
379.804690625 44.4
436.05475 44.89
474.024503125 44.29
506.38371875 44.4
527.675996875 44.3
543.333478125 44.27
554.3561 44.3
562.548146875 44.3
568.64310625 44.31
572.327125 44.33
574.86640625 44.31
576.798990625 44.3
578.124725 44.32
579.0985 44.32
579.712784375 44.32
580.19956875 44.32
580.51681875 44.32
580.77430625 44.33
580.9116875 44.33
580.973553125 44.33
581.0129 44.28
580.99511875 44.27
580.9630625 44.26
580.95431875 44.26
580.95408125 44.26
580.9543 44.26
