1.5894810913085937 38.88
1.968588330078125 38.83
2.3042577880859376 38.77
2.620979443359375 38.91
2.8675572998046874 39.04
3.0496217041015625 38.95
3.188927880859375 38.92
3.294764794921875 38.87
3.3704510009765625 38.86
3.4241308349609376 38.82
3.4632802001953125 38.83
3.490666015625 38.85
3.5101797119140623 38.84
3.523262744140625 38.84
3.5331367919921877 38.82
3.5398349365234374 38.81
3.5444511962890624 38.81
3.54776748046875 38.81
3.5499619873046875 38.8
3.5516194091796875 38.8
3.5527327880859376 38.8
3.553508544921875 38.8
3.5540976318359374 38.81
3.5544924560546876 38.81
3.5547496826171874 38.81
3.554929150390625 38.81
3.555056640625 38.81
3.55514697265625 38.81
3.55521416015625 38.81
3.555248681640625 38.81
