3.7217998291015624 22.98
4.6991583984375 19.88
6.144035791015625 17.56
7.308872119140625 19.4
8.271437744140625 19.26
9.00096689453125 19.13
9.6009806640625 18.43
10.0038181640625 18.06
10.33432998046875 15.55
10.5736275390625 17.48
10.7509615234375 17.34
10.87456923828125 17.2
10.965522265625 17.16
11.03054677734375 17.03
11.07469990234375 14.78
11.10550751953125 14.78
11.12668203125 16.96
11.1427802734375 16.93
11.15376025390625 16.92
11.1610994140625 16.9
11.16604501953125 14.7
11.16976015625 14.71
11.17197177734375 16.9
11.1731826171875 16.9
11.17343916015625 16.9
11.1732974609375 16.9
11.1727984375 14.69
11.17242890625 14.7
11.17209296875 16.9
11.171837109375 16.9
