2.3459885498046873 9.68
2.345988525390625 9.68
2.3459885009765626 9.68
2.3459885498046873 9.68
2.3459885009765626 9.68
2.3459884765625 9.68
2.3459884765625 9.68
2.3459884765625 9.68
2.3459885009765626 9.68
2.345988427734375 9.68
2.345988525390625 9.68
2.345988427734375 9.68
2.3459885498046873 9.68
2.3459884521484375 9.68
2.3459884033203124 9.68
2.3459885498046873 9.68
2.34598857421875 9.68
2.3459884521484375 9.68
2.3459885498046873 9.68
2.345988525390625 9.68
2.3459885009765626 9.68
2.345988525390625 9.68
2.3459884521484375 9.68
2.3459884521484375 9.68
2.3459884521484375 9.68
2.3459884765625 9.68
2.3459885498046873 9.68
2.345988525390625 9.68
2.3459884765625 9.68
2.3459885986328124 9.68
