3.97860166015625 30.16
4.86950751953125 30.09
5.175529638671875 29.56
5.470453564453125 29.45
5.720110400390625 29.39
5.9062994140625 29.37
6.041452685546875 29.32
6.1402666015625 29.29
6.21061240234375 29.24
6.26087890625 29.21
6.297224462890625 29.19
6.32122216796875 29.18
6.33953583984375 29.17
6.35124794921875 29.18
6.3599111328125 29.18
6.36586220703125 29.19
6.370054638671875 29.19
6.372978857421875 29.2
6.374981494140625 29.2
6.37636630859375 29.2
6.377326171875 29.2
6.378046337890625 29.2
6.378534912109375 29.2
6.37887685546875 29.2
6.379105126953125 29.2
6.3792744140625 29.2
6.379387939453125 29.2
6.379457275390625 29.2
6.379472216796875 29.2
6.3794720703125 29.2
