1.061046856689453 82.68
0.8729327880859375 77.42
0.989485791015625 74.96
1.4139755981445312 65.47
2.310220361328125 55.66
12.19609775390625 60.92
146.545009375 47.82
409.78995625 37.89
779.43768125 34.96
1221.760025 30.57
1800.5489 28.15
2283.2114 28.15
2651.6958 28.75
2951.544875 28.13
3167.164925 27.32
3324.5739 26.8
3437.144475 26.59
3515.97825 26.35
3573.828175 26.19
3615.4656 26.11
3644.507225 26.02
3664.891475 26.0
3679.03745 25.92
3689.284225 25.9
3696.36515 25.89
3701.5122 25.88
3705.02855 25.87
3707.552025 25.87
3708.966425 25.87
3709.13265 25.87
