1.7605535400390624 54.13
14.62754794921875 49.05
69.353646875 26.84
39.600452734375 25.71
19.1108673828125 50.9
82.39224453125 51.04
136.14950546875 51.02
171.991075 50.99
197.36035 51.0
213.104084375 51.02
222.5763 51.02
229.0577984375 51.0
233.5694171875 51.01
236.1871859375 51.02
238.0897375 51.01
239.3521203125 51.01
240.1896375 51.01
240.7799 51.01
241.1743515625 51.01
241.477490625 51.01
241.686790625 51.0
241.818821875 51.0
241.9159234375 51.0
241.98468125 51.0
242.03554375 51.0
242.0669921875 51.0
242.0907390625 51.0
242.106403125 51.0
242.117471875 51.0
242.1217328125 51.0
