1.739368212890625 47.69
3.5435848876953124 43.65
4.923252490234375 38.98
7.01938828125 24.85
9.456275390625 24.06
11.1242734375 23.98
12.1791427734375 24.17
12.9968853515625 24.06
13.54330478515625 24.02
13.94388193359375 24.01
14.209081640625 24.0
14.4057908203125 23.99
14.5222384765625 24.0
14.6273908203125 23.96
14.695537890625 23.93
14.7443931640625 23.93
14.7778578125 23.93
14.80323359375 23.94
14.8193337890625 23.94
14.83150224609375 23.94
14.8397650390625 23.94
14.84574775390625 23.94
14.84940341796875 23.94
14.85236455078125 23.94
14.8543923828125 23.94
14.8559583984375 23.94
14.8570974609375 23.94
14.85789443359375 23.94
14.85815087890625 23.94
14.85808720703125 23.94
