0.5134307678222656 86.82
0.44259688415527343 88.74
0.4240507293701172 89.19
0.4240507385253906 89.19
0.4240507354736328 89.19
0.4240507476806641 89.19
0.42405074157714845 89.19
0.42405074462890624 89.19
0.42405074157714845 89.19
0.42405074157714845 89.19
0.4240507476806641 89.19
0.42405074157714845 89.19
0.42405074157714845 89.19
0.4240507385253906 89.19
0.42405074157714845 89.19
0.42405074462890624 89.19
0.4240507507324219 89.19
0.4240507476806641 89.19
0.42405074157714845 89.19
0.4240507476806641 89.19
0.42405074462890624 89.19
0.42405074157714845 89.19
0.4240507385253906 89.19
0.42405074462890624 89.19
0.4240507507324219 89.19
0.4240507598876953 89.19
0.4240507354736328 89.19
0.4240507354736328 89.19
0.42405074157714845 89.19
0.4240507354736328 89.19
