303284475029.0944 11.29
996707793895.424 11.27
1518661297976.1152 11.55
1926106578314.8545 11.66
2237810702548.992 11.74
2470140220696.1665 11.81
2639164873690.317 11.83
2761228569018.368 11.86
2848096134784.6143 11.87
2909576685735.1167 11.9
2953105347130.163 11.89
2983634699445.8623 11.88
3004162012453.2734 11.89
3017902176547.6353 11.9
3027186231541.76 11.91
3034076781792.461 11.9
3039153808945.971 11.9
3042658072762.778 11.9
3045172373461.4014 11.9
3046864832167.936 11.9
3048047048759.7056 11.9
3047558549916.877 11.91
3047085325051.4946 11.91
3046454904383.0786 11.91
3045833717894.3486 11.9
3045761696661.504 11.9
3045760837668.045 11.9
3045760864511.5903 11.9
3045760864511.5903 11.9
3045760945042.227 11.9
