28112891517.3376 11.98
481165011687.8336 11.6
1694416151301.3247 11.53
3301806601509.2734 11.49
4760846532503.143 11.5
5836325831835.648 11.52
6539009056571.392 11.43
6984271537373.184 11.4
7260408943476.736 11.37
7434174622964.122 11.35
7542668557025.28 11.36
7611624525398.016 11.35
7656481110150.349 11.33
7685538120833.434 11.32
7705730694827.213 11.31
7717305953812.48 11.31
7724006585978.061 11.31
7729790242625.945 11.31
7733957703080.346 11.31
7736986943514.215 11.31
7739362704673.997 11.31
7740500817320.346 11.31
7742630208418.611 11.3
7744280281166.644 11.3
7745887780051.354 11.31
7746551191437.312 11.31
7746551245124.403 11.31
7746551620934.042 11.31
7746551137750.221 11.31
7746551245124.403 11.31
