2.822726171875 86.83
34.31288828125 88.0
89.8418390625 88.02
151.259475 88.02
208.910165625 88.02
256.72035 88.02
294.6696453125 88.02
323.64023125 88.02
344.2383625 88.02
359.05579375 88.02
370.01026875 88.02
377.932653125 88.02
383.308771875 88.02
387.043003125 88.02
389.732271875 88.02
391.639065625 88.02
392.95255625 88.02
393.88673125 88.02
394.54418125 88.02
394.9991625 88.02
395.3241796875 88.02
395.552078125 88.02
395.708046875 88.02
395.818203125 88.02
395.8939 88.02
395.949965625 88.02
395.987525 88.02
396.01069375 88.02
396.0239 88.02
396.02981875 88.02
