4.606432568359375 83.34
3.95514931640625 89.08
2.07479228515625 78.58
1.4167110473632814 51.46
1.4637613525390625 49.27
1.5898515991210938 45.82
1.6580184692382813 43.14
1.6915564208984375 41.89
1.7148223510742187 40.76
1.7326836181640626 39.88
1.74782587890625 39.37
1.7589420532226563 39.15
1.76933017578125 39.04
1.7754257202148438 38.96
1.7794231079101563 38.93
1.7828302856445313 38.87
1.7851795043945313 38.76
1.786915478515625 38.79
1.7882241088867188 38.73
1.789034619140625 38.73
1.7896398803710938 38.68
1.7900847900390624 38.65
1.7904556884765626 38.62
1.790832470703125 38.6
1.7909999389648437 38.58
1.791282666015625 38.59
1.7913707153320313 38.58
1.791531494140625 38.57
1.7916445922851563 38.54
1.7917225708007813 38.53
