2.44862216796875 11.63
2.3085802978515626 11.39
2.305282373046875 11.36
2.303427099609375 11.35
2.30272587890625 11.35
2.3022191162109373 11.35
2.301999169921875 11.35
2.301877880859375 11.35
2.3018067626953127 11.35
2.3017539794921875 11.35
2.301715283203125 11.35
2.3016918212890625 11.35
2.3016767822265627 11.35
2.3016628662109375 11.35
2.3016533203125 11.35
2.3016468994140626 11.35
2.301642431640625 11.35
2.30163955078125 11.35
2.30163720703125 11.35
2.3016358154296874 11.35
2.3016347900390626 11.35
2.30163408203125 11.35
2.30163388671875 11.35
2.301633544921875 11.35
2.3016333740234374 11.35
2.3016330810546877 11.35
2.3016330322265626 11.35
2.3016330078125 11.35
2.3016330322265626 11.35
2.3016330322265626 11.35
