2.971645458984375 21.13
3.4109199951171876 21.24
3.13859765625 21.11
3.2766535888671875 21.17
2.9270263671875 21.13
3.1405714111328127 21.16
3.144719677734375 21.17
3.167689306640625 21.17
3.1089401123046874 21.15
3.102294091796875 21.15
3.102627294921875 21.14
3.1093969482421877 21.15
3.1225056640625 21.15
3.101650048828125 21.14
3.10651201171875 21.15
3.1061609619140627 21.14
3.1087190185546874 21.15
3.107236572265625 21.15
3.10767373046875 21.15
3.1086601318359377 21.15
3.107701953125 21.14
3.1074627685546874 21.14
3.107274072265625 21.14
3.1070110107421876 21.15
3.10597763671875 21.14
3.105351220703125 21.14
3.104962158203125 21.14
3.1046712158203125 21.14
3.1046259033203123 21.14
3.1047690673828123 21.14
