0.44102236938476563 89.93
0.39417208862304687 91.01
0.38800870361328127 91.07
0.38800870361328127 91.07
0.3880087127685547 91.07
0.3880087127685547 91.07
0.3880087219238281 91.07
0.3880086944580078 91.07
0.38800870361328127 91.07
0.38800870666503906 91.07
0.38800870666503906 91.07
0.38800870971679685 91.07
0.3880087127685547 91.07
0.3880087127685547 91.07
0.38800870361328127 91.07
0.3880087219238281 91.07
0.38800870971679685 91.07
0.38800870361328127 91.07
0.3880087219238281 91.07
0.38800870666503906 91.07
0.3880087005615234 91.07
0.3880086944580078 91.07
0.38800870666503906 91.07
0.38800870361328127 91.07
0.38800870971679685 91.07
0.38800869750976563 91.07
0.38800870666503906 91.07
0.38800870971679685 91.07
0.38800870666503906 91.07
0.38800870971679685 91.07
