2.309730126953125 9.75
2.30973017578125 9.75
2.30973017578125 9.75
2.3097301513671873 9.75
2.30973017578125 9.75
2.309730126953125 9.75
2.3097302001953124 9.75
2.3097302490234375 9.75
2.30973017578125 9.75
2.309730224609375 9.75
2.3097302001953124 9.75
2.3097302734375 9.75
2.3097301513671873 9.75
2.3097301513671873 9.75
2.3097301025390626 9.75
2.3097301513671873 9.75
2.30973017578125 9.75
2.309730126953125 9.75
2.3097301025390626 9.75
2.3097301025390626 9.75
2.3097301513671873 9.75
2.3097302001953124 9.75
2.309730126953125 9.75
2.30973017578125 9.75
2.30973017578125 9.75
2.3097301513671873 9.75
2.3097301513671873 9.75
2.309730078125 9.75
2.3097301025390626 9.75
2.30973017578125 9.75
