3.5804065673828127 11.19
3.58040654296875 11.19
3.5804065185546876 11.19
3.5804065185546876 11.19
3.580406591796875 11.19
3.580406591796875 11.19
3.580406494140625 11.19
3.580406640625 11.19
3.5804064453125 11.19
3.5804064453125 11.19
3.5804066650390625 11.19
3.580406640625 11.19
3.5804065673828127 11.19
3.5804064208984374 11.19
3.5804064697265625 11.19
3.5804065185546876 11.19
3.580406591796875 11.19
3.5804065673828127 11.19
3.580406494140625 11.19
3.5804065673828127 11.19
3.58040654296875 11.19
3.5804065673828127 11.19
3.58040654296875 11.19
3.5804064697265625 11.19
3.58040654296875 11.19
3.5804065673828127 11.19
3.58040654296875 11.19
3.580406591796875 11.19
3.58040654296875 11.19
3.5804065673828127 11.19
