97089601.536 13.17
273497148.6208 13.05
383057805.312 13.03
457077778.0224 13.03
511204717.3632 13.02
550765232.128 13.12
578417465.7536 13.1
598217097.216 13.07
612151512.2688 13.03
621913787.5968 13.03
628829519.872 13.03
633612953.1904 13.03
636991982.7968 13.03
639346907.5456 13.04
641008651.4688 13.04
642154443.5712 13.04
642956119.2448 13.04
643454900.6336 13.04
643657970.4832 13.03
643445784.576 13.05
643169071.9232 13.05
643054665.728 13.07
643112717.5168 13.06
643108274.176 13.06
643103267.2256 13.06
643100822.7328 13.06
643100573.696 13.06
643100488.4992 13.06
643100468.8384 13.06
643100462.2848 13.06
