3.44683837890625 24.08
10.64626533203125 23.03
19.4051951171875 22.95
26.5375611328125 22.88
32.3548302734375 22.86
36.41372421875 22.84
39.52642890625 22.84
41.721925390625 22.81
43.23503046875 22.81
44.291398046875 22.8
45.108273046875 22.77
45.67944296875 22.77
46.062528125 22.77
46.330748828125 22.77
46.514916796875 22.77
46.64386328125 22.77
46.7379515625 22.77
46.8023140625 22.77
46.85038046875 22.77
46.8824078125 22.77
46.905058984375 22.77
46.9214109375 22.77
46.93247109375 22.77
46.940308203125 22.77
46.946151953125 22.77
46.949928125 22.77
46.95161484375 22.77
46.952541796875 22.77
46.95315 22.77
46.953625390625 22.77
