2.5190074462890624 56.16
3.784668408203125 55.82
4.77052822265625 55.62
5.437527587890625 55.57
5.92649560546875 55.55
6.3017908203125 55.52
6.56105712890625 55.52
6.746755078125 55.53
6.872504296875 55.53
6.963025927734375 55.52
7.025651416015625 55.51
7.07164990234375 55.54
7.102011669921875 55.54
7.124140771484375 55.54
7.139168310546875 55.54
7.149908056640625 55.54
7.157745751953125 55.54
7.1632072265625 55.54
7.166902587890625 55.54
7.16961103515625 55.54
7.171424365234375 55.54
7.172730126953125 55.54
7.17364697265625 55.54
7.174273388671875 55.54
7.17472001953125 55.54
7.1749763671875 55.54
7.175162060546875 55.54
7.17526162109375 55.54
7.175322265625 55.54
7.1753560546875 55.54
