2.697727880859375 77.07
20.7154998046875 35.49
42.47594453125 26.93
39.55869765625 16.34
38.68483203125 16.23
35.24666015625 21.0
39.275246484375 23.38
41.16205546875 23.13
44.0733125 21.0
43.966499609375 20.09
44.797698828125 19.07
45.20458359375 18.4
45.4664796875 17.95
45.787758984375 17.59
46.074609375 17.33
46.2176796875 17.25
46.385712109375 17.12
46.487712109375 17.24
46.593195703125 17.22
46.65873046875 17.11
46.68475859375 17.12
46.714516015625 17.11
46.733045703125 17.1
46.742062109375 17.11
46.740643359375 17.11
46.7348078125 17.1
46.72338359375 17.11
46.713386328125 17.12
46.706373046875 17.12
46.703335546875 17.13
