3.3762722900390627 11.1
3.37627236328125 11.1
3.376272265625 11.1
3.376272216796875 11.1
3.376272265625 11.1
3.376272265625 11.1
3.3762723388671874 11.1
3.3762722412109376 11.1
3.376272265625 11.1
3.376272265625 11.1
3.376272265625 11.1
3.3762721923828125 11.1
3.376272265625 11.1
3.37627216796875 11.1
3.3762721923828125 11.1
3.3762723876953125 11.1
3.37627236328125 11.1
3.3762722412109376 11.1
3.3762723388671874 11.1
3.3762722412109376 11.1
3.3762722900390627 11.1
3.3762723388671874 11.1
3.376272216796875 11.1
3.3762722412109376 11.1
3.3762722900390627 11.1
3.376272314453125 11.1
3.3762723388671874 11.1
3.37627236328125 11.1
3.3762721923828125 11.1
3.3762722412109376 11.1
