1.4205288940429688 43.93
1.4633014038085939 43.07
1.4722653564453125 43.56
1.485778271484375 42.5
1.4894304077148437 42.41
1.4834908935546876 42.98
1.486103759765625 43.02
1.4860115600585937 43.02
1.4884116455078125 42.7
1.4892214111328126 42.59
1.4876856811523438 42.72
1.487085400390625 42.84
1.4866919921875 42.83
1.4870916870117188 42.81
1.4872079956054687 42.8
1.4871129272460937 42.81
1.4871913452148438 42.79
1.487194970703125 42.79
1.4872048583984374 42.79
1.4872087280273438 42.79
1.487197802734375 42.79
1.4872038452148437 42.79
1.4872162231445312 42.79
1.487215087890625 42.79
1.4872392333984374 42.79
1.48726708984375 42.77
1.48728359375 42.77
1.487300732421875 42.75
1.48731826171875 42.75
1.4873308471679687 42.75
