2.3100281005859373 15.17
2.3100280517578127 15.17
2.310028125 15.17
2.310028173828125 15.17
2.3100281982421875 15.17
2.3100281005859373 15.17
2.3100281982421875 15.17
2.3100281494140624 15.17
2.3100281494140624 15.17
2.310028173828125 15.17
2.3100280517578127 15.17
2.3100281005859373 15.17
2.3100281982421875 15.17
2.310028125 15.17
2.310028076171875 15.17
2.310028125 15.17
2.3100281494140624 15.17
2.3100281982421875 15.17
2.310028173828125 15.17
2.3100281494140624 15.17
2.310028125 15.17
2.3100281005859373 15.17
2.310028173828125 15.17
2.3100281005859373 15.17
2.310028173828125 15.17
2.3100282470703126 15.17
2.310028125 15.17
2.310028125 15.17
2.310028125 15.17
2.310028173828125 15.17
