1.2653453125 53.46
1.2595218139648436 54.91
1.259521826171875 54.91
1.2595217895507813 54.91
1.259521826171875 54.91
1.2595218383789062 54.91
1.2595218383789062 54.91
1.2595218383789062 54.91
1.2595218139648436 54.91
1.2595218017578125 54.91
1.2595218505859376 54.91
1.2595218627929687 54.91
1.2595218139648436 54.91
1.2595218139648436 54.91
1.2595218139648436 54.91
1.259521826171875 54.91
1.2595218505859376 54.91
1.2595218627929687 54.91
1.2595218139648436 54.91
1.2595218017578125 54.91
1.259521826171875 54.91
1.2595218383789062 54.91
1.259521826171875 54.91
1.259521826171875 54.91
1.259521826171875 54.91
1.259521826171875 54.91
1.259521875 54.91
1.2595218383789062 54.91
1.2595218627929687 54.91
1.2595218383789062 54.91
