2.3087489501953127 10.0
2.30874892578125 10.0
2.3087489501953127 10.0
2.308748876953125 10.0
2.3087489990234373 10.0
2.3087489013671876 10.0
2.308748974609375 10.0
2.3087489013671876 10.0
2.308748876953125 10.0
2.3087489013671876 10.0
2.3087490234375 10.0
2.3087489013671876 10.0
2.30874892578125 10.0
2.30874892578125 10.0
2.3087489013671876 10.0
2.30874892578125 10.0
2.308748876953125 10.0
2.3087489501953127 10.0
2.308748974609375 10.0
2.3087489501953127 10.0
2.3087489013671876 10.0
2.3087489501953127 10.0
2.3087489013671876 10.0
2.3087489501953127 10.0
2.3087489501953127 10.0
2.3087489501953127 10.0
2.30874892578125 10.0
2.3087489013671876 10.0
2.3087488525390625 10.0
2.3087490234375 10.0
