7.92143291015625 78.75
43.134553515625 79.87
96.74117421875 79.86
143.7408390625 79.86
183.9652625 79.85
212.7965203125 79.86
234.0904671875 79.85
249.0533671875 79.84
258.663134375 79.84
266.702984375 79.84
271.5659640625 79.84
275.2240515625 79.84
277.7893875 79.84
279.5436375 79.84
280.7200890625 79.84
281.5847546875 79.84
282.18904375 79.84
282.6323671875 79.84
282.9347125 79.84
283.1488640625 79.84
283.296753125 79.84
283.40146875 79.84
283.471446875 79.84
283.5201 79.84
283.5540234375 79.84
283.58079375 79.84
283.598440625 79.84
283.6102 79.84
283.6178296875 79.84
283.6217796875 79.84
