2.6255162109375 11.17
2.5751704833984377 10.71
2.54176123046875 10.5
2.5180734619140623 10.2
2.5026375 9.72
2.4929874267578125 9.58
2.48630615234375 9.44
2.4820439208984375 9.27
2.4790533447265624 9.18
2.476903076171875 9.1
2.475469384765625 9.06
2.4744697265625 9.03
2.4737584716796874 8.96
2.4732629150390624 8.96
2.4729182373046874 8.95
2.472668603515625 8.97
2.472505029296875 8.96
2.472388427734375 8.98
2.472308251953125 8.98
2.472247705078125 8.98
2.472206884765625 8.98
2.4721784423828126 8.98
2.4721583740234374 8.98
2.4721439453125 8.98
2.4721345947265627 8.98
2.4721276611328125 8.98
2.4721230224609374 8.98
2.4721204345703125 8.98
2.4721189453125 8.98
2.47211806640625 8.98
