2.3412835205078126 10.09
2.34128349609375 10.09
2.34128349609375 10.09
2.3412835693359373 10.09
2.3412835205078126 10.09
2.3412834228515624 10.09
2.3412835205078126 10.09
2.3412835205078126 10.09
2.34128349609375 10.09
2.3412835693359373 10.09
2.3412834716796875 10.09
2.3412835205078126 10.09
2.34128359375 10.09
2.34128349609375 10.09
2.341283544921875 10.09
2.341283544921875 10.09
2.3412835205078126 10.09
2.34128349609375 10.09
2.3412835693359373 10.09
2.3412835205078126 10.09
2.3412835205078126 10.09
2.34128349609375 10.09
2.341283544921875 10.09
2.3412835205078126 10.09
2.3412835205078126 10.09
2.3412835205078126 10.09
2.3412835205078126 10.09
2.3412835205078126 10.09
2.3412835205078126 10.09
2.34128349609375 10.09
