6.22255361328125 10.39
2.377366162109375 10.07
2.30406025390625 11.28
2.301731298828125 11.3
2.30153662109375 11.3
2.3012501708984376 11.31
2.30118271484375 11.31
2.3011410888671877 11.3
2.3011311767578126 11.3
2.301125146484375 11.3
2.3011173583984377 11.3
2.301110791015625 11.3
2.30110673828125 11.3
2.3011041015625 11.3
2.301101953125 11.3
2.3011002685546873 11.3
2.3010994873046875 11.3
2.30109892578125 11.3
2.3010985595703124 11.3
2.301098193359375 11.3
2.3010981689453125 11.3
2.301098046875 11.3
2.301097802734375 11.3
2.30109775390625 11.3
2.301097705078125 11.3
2.3010976806640624 11.3
2.3010980224609376 11.3
2.3010977294921875 11.3
2.3010976318359373 11.3
2.3010978759765623 11.3
