1.4847129638671874 39.25
1.879618994140625 49.31
2.0209554931640623 52.97
3.4931722412109374 49.67
86.47141171875 61.28
118.82808984375 60.0
149.7220890625 60.31
173.9206640625 60.47
191.2880265625 60.47
203.030140625 60.28
211.9760171875 60.16
219.0622296875 60.2
224.1125953125 60.2
227.682209375 60.2
229.9018234375 60.18
231.56481875 60.17
232.8744296875 60.19
233.741134375 60.19
234.3755125 60.2
234.80446875 60.2
235.1225515625 60.19
235.3180859375 60.19
235.457515625 60.19
235.53155625 60.19
235.512321875 60.2
235.402834375 60.18
235.27944375 60.15
235.1947953125 60.13
235.16095 60.13
235.156475 60.13
