2.31085126953125 10.58
2.3108513427734376 10.58
2.3108513916015627 10.58
2.3108512939453125 10.58
2.31085126953125 10.58
2.310851318359375 10.58
2.310851220703125 10.58
2.31085126953125 10.58
2.3108512939453125 10.58
2.3108512451171874 10.58
2.31085126953125 10.58
2.3108513427734376 10.58
2.3108512451171874 10.58
2.310851318359375 10.58
2.3108512939453125 10.58
2.3108512451171874 10.58
2.3108513671875 10.58
2.31085126953125 10.58
2.3108512451171874 10.58
2.31085126953125 10.58
2.310851220703125 10.58
2.3108512939453125 10.58
2.310851220703125 10.58
2.3108513427734376 10.58
2.3108513671875 10.58
2.3108512939453125 10.58
2.3108512939453125 10.58
2.3108512451171874 10.58
2.310851318359375 10.58
2.3108513427734376 10.58
