2.3078986572265623 10.0
2.3078987060546874 10.0
2.307898779296875 10.0
2.3078987548828125 10.0
2.30789873046875 10.0
2.3078988525390627 10.0
2.30789873046875 10.0
2.3078987548828125 10.0
2.3078987548828125 10.0
2.307898681640625 10.0
2.307898681640625 10.0
2.307898681640625 10.0
2.307898779296875 10.0
2.307898779296875 10.0
2.30789873046875 10.0
2.30789873046875 10.0
2.3078987060546874 10.0
2.3078987548828125 10.0
2.307898681640625 10.0
2.307898828125 10.0
2.3078987060546874 10.0
2.30789873046875 10.0
2.3078987060546874 10.0
2.3078987060546874 10.0
2.307898779296875 10.0
2.30789873046875 10.0
2.307898779296875 10.0
2.3078988037109376 10.0
2.3078987548828125 10.0
2.3078987548828125 10.0
