140707.6112 33.04
350440.4928 33.02
533770.1824 33.01
685715.8528 33.01
804268.064 33.01
892399.5456 33.01
957484.576 33.01
1003995.3792 33.01
1037558.5344 33.01
1061537.9328 33.01
1078456.608 33.01
1090364.7616 33.0
1098666.6944 33.0
1104540.2304 33.0
1108676.0512 33.0
1111548.96 33.0
1113524.512 33.0
1114910.6432 33.0
1115898.272 33.0
1116590.3616 33.0
1117062.8224 33.0
1117379.68 33.0
1117602.912 33.0
1117780.8576 33.0
1117894.2848 33.0
1117950.1312 33.0
1117967.2576 33.0
1117968.1536 33.0
1117968.1216 33.0
1117968.1536 33.0
