2.3130157958984374 10.0
2.313015771484375 10.0
2.3130156982421877 10.0
2.3130157470703123 10.0
2.313015771484375 10.0
2.313015673828125 10.0
2.3130157470703123 10.0
2.3130157958984374 10.0
2.3130157470703123 10.0
2.313015771484375 10.0
2.31301572265625 10.0
2.3130157470703123 10.0
2.3130157470703123 10.0
2.313015771484375 10.0
2.3130157470703123 10.0
2.3130157958984374 10.0
2.3130158203125 10.0
2.313015625 10.0
2.313015771484375 10.0
2.313015771484375 10.0
2.3130157958984374 10.0
2.3130157470703123 10.0
2.3130158203125 10.0
2.31301572265625 10.0
2.31301572265625 10.0
2.313015673828125 10.0
2.3130157958984374 10.0
2.3130158203125 10.0
2.3130157958984374 10.0
2.31301572265625 10.0
