2.3103298583984375 14.3
2.3103298583984375 14.3
2.3103298583984375 14.3
2.3103298828125 14.3
2.3103299072265626 14.3
2.3103299072265626 14.3
2.3103299560546877 14.3
2.3103299072265626 14.3
2.310329833984375 14.3
2.3103298583984375 14.3
2.310329931640625 14.3
2.3103299072265626 14.3
2.310329931640625 14.3
2.3103299072265626 14.3
2.3103298828125 14.3
2.3103298828125 14.3
2.3103298828125 14.3
2.31032998046875 14.3
2.3103299560546877 14.3
2.31032998046875 14.3
2.3103298828125 14.3
2.3103298583984375 14.3
2.3103299560546877 14.3
2.3103298583984375 14.3
2.31032998046875 14.3
2.3103298583984375 14.3
2.3103299560546877 14.3
2.3103298583984375 14.3
2.310329931640625 14.3
2.3103299072265626 14.3
