4.029186694335937 23.57
8.049925732421874 23.11
14.553311328125 23.32
20.757762109375 23.45
25.651471875 23.43
31.7687123046875 23.55
35.54855 23.65
38.111234765625 23.57
40.198684765625 23.53
41.500337890625 23.54
42.49617265625 23.55
43.239034765625 23.55
43.73198671875 23.56
44.06687265625 23.56
44.254365625 23.54
44.431108203125 23.54
44.590820703125 23.55
44.67983203125 23.55
44.7394 23.54
44.78077109375 23.54
44.814467578125 23.54
44.836233203125 23.54
44.83906875 23.54
44.75501015625 23.53
44.648138671875 23.52
44.555773828125 23.53
44.51649140625 23.53
44.514562109375 23.53
44.514548828125 23.53
44.514548046875 23.53
