148633366298.624 12.49
1872545275969.536 12.47
5006226872493.67 12.48
7835995281240.883 12.47
9763545679921.152 12.48
10949880393708.34 12.48
11665589019449.754 12.48
12108135899804.467 12.48
12384751121019.7 12.48
12564899014534.758 12.48
12684880966057.984 12.48
12766125319048.396 12.48
12822122136286.004 12.48
12860262519616.307 12.48
12886836663392.666 12.48
12905810969912.934 12.48
12918383412930.15 12.48
12927094143477.35 12.48
12933188594696.191 12.48
12937411836038.35 12.48
12940282592178.996 12.48
12942640421850.316 12.48
12943913772279.398 12.48
12945177136909.518 12.48
12946333556853.965 12.48
12946352562084.25 12.48
12946354172696.986 12.48
12946354280071.168 12.48
12946354172696.986 12.48
12946354065322.803 12.48
