227207.5648 15.81
1011971.904 18.36
1746437.632 18.03
2457219.584 16.82
2938327.5008 20.53
3334468.608 19.87
3634410.2144 19.9
3862475.264 19.38
4034574.2336 19.04
4166310.4512 18.74
4249780.8384 18.76
4317324.7488 18.58
4360041.6256 18.59
4388180.7616 18.69
4409576.448 18.75
4425386.624 18.73
4435265.2288 18.77
4443013.7344 18.77
4447083.7248 18.77
4451387.2896 18.76
4448268.8512 18.81
4443575.2704 18.91
4442124.5952 18.95
4448646.8864 18.79
4455141.8368 18.68
4459692.9024 18.62
4460902.4 18.61
4460985.2416 18.61
4460988.2368 18.61
4460988.16 18.61
