36.848255078125 64.26
107.68120859375 64.18
192.39199375 64.14
271.223315625 64.12
335.2985 64.07
386.3806625 64.08
424.25140625 64.07
452.319121875 64.07
472.638840625 64.07
487.633140625 64.07
497.939259375 64.07
505.385184375 64.07
510.680375 64.07
514.467484375 64.07
517.03895625 64.07
518.8160625 64.08
520.10396875 64.08
520.989478125 64.08
521.632003125 64.08
522.084778125 64.08
522.400071875 64.08
522.614640625 64.08
522.76864375 64.08
522.875728125 64.08
522.949565625 64.08
523.0005 64.08
523.036846875 64.08
523.0607875 64.08
523.0703375 64.08
523.073196875 64.08
