2.3094837158203125 10.0
2.309483740234375 10.0
2.3094837158203125 10.0
2.3094836669921874 10.0
2.309483740234375 10.0
2.3094837158203125 10.0
2.309483740234375 10.0
2.3094837158203125 10.0
2.309483740234375 10.0
2.3094837158203125 10.0
2.309483642578125 10.0
2.30948369140625 10.0
2.30948369140625 10.0
2.3094836669921874 10.0
2.3094836669921874 10.0
2.3094836669921874 10.0
2.30948369140625 10.0
2.3094836669921874 10.0
2.3094836669921874 10.0
2.3094837158203125 10.0
2.30948369140625 10.0
2.3094837646484376 10.0
2.3094836669921874 10.0
2.309483642578125 10.0
2.309483642578125 10.0
2.3094836181640623 10.0
2.30948359375 10.0
2.30948369140625 10.0
2.30948359375 10.0
2.3094837158203125 10.0
