342113133579.4688 11.23
2045287853981.696 11.31
3960530970188.1855 11.24
5517123969771.11 11.16
6739575654108.365 11.17
7639607901631.283 11.12
8304307563030.118 11.13
8786490441701.785 11.14
9125731815863.092 11.16
9361569436454.094 11.16
9519246651634.482 11.16
9628917675170.201 11.15
9691431997905.305 11.14
9736096973429.146 11.13
9766599938539.52 11.13
9786602138107.904 11.12
9800746861278.004 11.12
9807120055874.355 11.12
9808727071575.244 11.12
9801166586957.004 11.12
9790422726266.06 11.12
9787788569136.332 11.12
9796094284267.52 11.13
9802457654126.182 11.14
9803222748862.873 11.14
9802840872583.168 11.14
9802767858139.137 11.14
9802766623336.04 11.14
9802765925403.854 11.14
9802765656968.396 11.14
