2.14107412109375 22.03
2.1410740966796875 22.03
2.14107412109375 22.03
2.14107412109375 22.03
2.1410740478515624 22.03
2.141074169921875 22.03
2.1410740966796875 22.03
2.1410740478515624 22.03
2.1410740966796875 22.03
2.141074072265625 22.03
2.14107412109375 22.03
2.141074072265625 22.03
2.1410740966796875 22.03
2.1410740966796875 22.03
2.141074169921875 22.03
2.1410740966796875 22.03
2.1410740966796875 22.03
2.1410740478515624 22.03
2.1410741455078126 22.03
2.1410740966796875 22.03
2.1410741455078126 22.03
2.1410740966796875 22.03
2.141074169921875 22.03
2.141074072265625 22.03
2.141074169921875 22.03
2.1410740966796875 22.03
2.1410740234375 22.03
2.14107412109375 22.03
2.141074072265625 22.03
2.1410740478515624 22.03
