55.441098828125 12.55
868.8309 10.28
3960.5205 10.37
6108.47075 10.46
7579.2312 10.47
8674.33545 10.52
9464.6461 10.55
10082.0012 10.55
10557.5091 10.59
10929.1072 10.61
11207.7551 10.63
11413.3133 10.64
11557.5023 10.64
11658.942 10.64
11738.9414 10.64
11791.0967 10.65
11826.7031 10.65
11853.8344 10.65
11872.8099 10.65
11885.1585 10.65
11894.7652 10.65
11902.2706 10.65
11907.035 10.65
11911.4293 10.71
11914.2735 10.68
11915.6792 10.65
11915.878 10.65
11915.9909 10.68
11915.8241 10.68
11916.0509 10.68
