0.7901008422851562 75.41
0.7901008178710938 75.41
0.7901008117675781 75.41
0.7901008239746093 75.41
0.7901008239746093 75.41
0.7901008361816406 75.41
0.7901008117675781 75.41
0.7901008239746093 75.41
0.790100830078125 75.41
0.790100830078125 75.41
0.7901008361816406 75.41
0.7901007995605469 75.41
0.7901008239746093 75.41
0.7901008239746093 75.41
0.7901008117675781 75.41
0.7901008178710938 75.41
0.7901008178710938 75.41
0.7901008239746093 75.41
0.7901008361816406 75.41
0.790100830078125 75.41
0.7901008422851562 75.41
0.7901008422851562 75.41
0.7901008239746093 75.41
0.7901008239746093 75.41
0.7901008483886719 75.41
0.790100830078125 75.41
0.790100830078125 75.41
0.7901008361816406 75.41
0.7901008117675781 75.41
0.7901008361816406 75.41
