2.340900146484375 8.67
2.340900146484375 8.67
2.340900146484375 8.67
2.340900244140625 8.67
2.340900146484375 8.67
2.34090009765625 8.67
2.3409001220703125 8.67
2.3409002197265627 8.67
2.3409002197265627 8.67
2.3409001953125 8.67
2.3409001708984376 8.67
2.340900146484375 8.67
2.340900146484375 8.67
2.3409001953125 8.67
2.340900244140625 8.67
2.340900146484375 8.67
2.3409001953125 8.67
2.3409001708984376 8.67
2.3409000732421874 8.67
2.340900244140625 8.67
2.3409001708984376 8.67
2.340900146484375 8.67
2.3409001708984376 8.67
2.3409002197265627 8.67
2.340900146484375 8.67
2.3409001708984376 8.67
2.340900146484375 8.67
2.3409001220703125 8.67
2.3409001708984376 8.67
2.340900244140625 8.67
