1868139.712 18.83
23650798.3872 18.59
85916812.0832 18.54
163557251.4816 18.79
227497161.5232 18.74
266431759.9744 18.76
284516360.192 18.67
292592238.592 18.66
294827928.7808 18.66
294789423.104 18.67
293750130.2784 18.67
292171585.9456 18.67
290954015.5392 18.67
289801519.104 18.67
289095172.096 18.67
288578899.1488 18.67
288183941.5296 18.67
287924201.0624 18.66
287731787.3664 18.66
287595916.4928 18.66
287500360.0896 18.66
287409269.9648 18.66
287345442.816 18.66
287291737.7024 18.66
287261227.4176 18.66
287234619.8016 18.66
287199176.2944 18.66
287166421.4016 18.66
287141022.9248 18.66
287122784.256 18.66
