2.31124775390625 12.68
2.3112478759765627 12.68
2.311247802734375 12.68
2.311247900390625 12.68
2.3112478515625 12.68
2.311247802734375 12.68
2.3112478271484376 12.68
2.311247802734375 12.68
2.311247802734375 12.68
2.3112479248046873 12.68
2.311247705078125 12.68
2.3112478759765627 12.68
2.3112478515625 12.68
2.3112478759765627 12.68
2.3112478271484376 12.68
2.3112478271484376 12.68
2.3112478515625 12.68
2.3112478271484376 12.68
2.3112478271484376 12.68
2.311247802734375 12.68
2.311247802734375 12.68
2.311247900390625 12.68
2.3112478515625 12.68
2.3112478759765627 12.68
2.3112477783203125 12.68
2.3112478759765627 12.68
2.3112479248046873 12.68
2.311247802734375 12.68
2.311247900390625 12.68
2.311247802734375 12.68
