2.3133015869140623 10.0
2.313301611328125 10.0
2.3133016845703125 10.0
2.3133016357421874 10.0
2.3133016357421874 10.0
2.31330166015625 10.0
2.3133016357421874 10.0
2.3133016845703125 10.0
2.313301708984375 10.0
2.3133016357421874 10.0
2.3133016357421874 10.0
2.313301708984375 10.0
2.3133015869140623 10.0
2.3133015869140623 10.0
2.3133015380859376 10.0
2.3133016357421874 10.0
2.3133016845703125 10.0
2.313301708984375 10.0
2.3133016845703125 10.0
2.3133016845703125 10.0
2.31330166015625 10.0
2.3133016357421874 10.0
2.3133016845703125 10.0
2.313301611328125 10.0
2.3133016357421874 10.0
2.3133015380859376 10.0
2.3133016845703125 10.0
2.313301611328125 10.0
2.3133016357421874 10.0
2.3133016357421874 10.0
