53.416590234375 13.57
53.41658984375 13.57
53.4165890625 13.57
53.416588671875 13.57
53.4165890625 13.57
53.4165890625 13.57
53.4165890625 13.57
53.4165890625 13.57
53.416590625 13.57
53.41658984375 13.57
53.416590234375 13.57
53.41658984375 13.57
53.416589453125 13.57
53.416589453125 13.57
53.416590625 13.57
53.41658984375 13.57
53.416589453125 13.57
53.4165890625 13.57
53.416590625 13.57
53.4165890625 13.57
53.416588671875 13.57
53.416590234375 13.57
53.416589453125 13.57
53.416588671875 13.57
53.416590234375 13.57
53.41658984375 13.57
53.416590234375 13.57
53.416590625 13.57
53.416588671875 13.57
53.4165890625 13.57
